4.0938253760384615
3.9216245722123837
3.304138961397188
2.874252892153749
2.938232290981384
2.6157492602280232
3.3803329005340306
4.282451837294815
3.9147701540973543
2.560576687842383
4.560339821849562
4.0323184851173295
3.788709422264436
4.73054434900597
3.4936984137824822
4.170607327028109
4.144102721645255
4.069822282427189
3.34788729478746
3.185964802744441
2.5967726838803347
2.8795602764811914
3.2161762747533857
3.937468335053547
4.06690717883582
3.3767667329969786
4.6391544524902475
4.47360118155863
3.414629952479704
4.320658149706833
4.102541017821554
3.999608110432446
3.507507202901258
3.8268722852059516
4.044222403335858
2.4773953966715525
3.5506750230366784
3.009698851666164
3.495709329492821
4.027611108444407
3.6099445486860353
3.9600515104907634
4.686335646341148
3.305385053993589
4.175322519292281
4.010392852651057
4.143586431315775
4.511046470637104
3.9572972691376016
3.7385598947826204
4.008651435627457
2.7286074691934856
3.2420075659994456
2.959518723411828
3.263747223504693
4.424296326902776
4.077253957199252
3.009571268453109
4.329349380706153
3.545123786376998
4.117760153303523
4.434191044920639
4.227361065445419
4.319931591209094
4.130592309629874
4.17846308292421
4.567689353898563
2.9476334328507083
3.47362468202271
3.478731021706237
4.177542537760722
4.244779911838973
3.365893538649368
3.370992474826984
5.017131094116953
4.029298812140336
4.516233827110576
4.611488230812925
4.22036671184946
4.317381439274548
3.0655321484502953
3.0503889036455885
3.5324382799602594
1.5622239330868668
2.5847499995363012
2.165431497780329
3.0160659021961576
3.2051927397712805
2.697734755631962
2.5607397602658186
2.927386451115799
3.156597968394944
3.4288903137190183
3.1582170263857363
3.0932261104166225
3.0762325839599804
4.09482197572705
3.7240678698684335
3.289936996895327
2.4035889073225687
3.121844309144064
1.9833191381411315
3.2396678035085835
4.3563838912166855
3.758420536631262
2.2511940465353057
3.646395314327465
3.08701398966713
3.4486824832704546
3.4416423571371166
3.527926875324548
4.2904796306855655
4.301723033498626
4.228111032710352
4.080158163004153
2.5348737945313053
3.8783151266662212
2.761012292432807
3.8382956778955033
5.742299260835885
4.486016402317686
3.642103559003562
4.199800167540692
3.760321045111681
4.703984420219005
4.287405355984673
4.542572855415868
5.070779969814947
4.7807119386134485
5.00999252850889
4.010183533339456
3.921970243011709
3.444506353568133
3.2922622307197553
3.608096778994002
4.673417211341548
5.0408664116954265
3.5218883309603015
5.097021319314044
4.2093130899383135
4.301902047359591
4.753970820995201
4.59100524610112
5.495003950664918
2.4097876439207924
2.214799100828689
2.250586090972337
1.9965631165434536
2.075376601618694
1.6866920737013065
2.0217625201971896
3.3753624185389093
2.5069065798891055
1.999146705971768
2.709627353897609
2.1329368819114443
2.6230507039813697
2.970540077901947
2.681637735759095
2.9190568109494652
4.896523219760881
4.836816161401136
4.527735254569818
3.413551352421478
3.852190875905285
2.9801499168974623
3.516052890510255
4.822538754881638
4.59158273213552
3.115234751098108
5.309103134665019
4.0676356873006965
4.08301596884416
4.990525515325319
4.146896792116982
4.769603649117065
3.688988636978139
3.6517948117415684
3.6534158221988586
2.699238030829163
3.0865358383622046
3.0106345168810607
3.3813807444225947
4.021029012757613
3.6369025614835637
2.9323748551778652
5.1082700147849405
3.4248805268549587
3.190570814049005
4.7798507069460285
3.8142410369159583
3.5738050097727765
2.866596029290655
2.4822523777627974
3.0843911258070476
1.9808688911682648
2.4065858978059382
2.262156476574017
2.747097568048209
3.593112048634096
2.9734564072797
2.418917986891645
4.061176633980625
2.3872041235695494
2.699249313727016
3.2556337276481218
3.807463161961157
3.1632010550886216
4.391582853541098
4.302084539343206
4.560833558647767
2.8468451122324003
3.5630203410030976
2.632747232130953
3.6966711701870554
3.8684115304180904
3.7539301478658413
2.443947873212779
3.958419170433991
4.0747375870914455
4.541938071086829
4.212531173993298
3.731359565663199
4.52853925955417
4.745351476866853
4.03858801970367
4.102327755712281
3.2233459673008493
3.7894370799783674
2.8551742441742665
3.9254919874769727
5.15295137733011
4.397001439249963
3.0614377893227083
5.178936234772674
4.046081363512479
4.33291478482219
5.130113327476974
4.516535712139059
4.874811222975497
4.534222300240545
4.665317417417931
4.119591964945443
2.5296057651201274
3.943939784195575
3.0677326082025282
3.7500087563114666
5.014678098982415
4.968828615357178
3.3253874666601924
5.454784187441477
3.581622146301094
4.135583188305336
4.723838090693908
4.314653623726578
5.028840452707444