1871.784808085932
-8.843934628655143
-4.105763652780753
289.69851282261885
-11.388813676993031
-307.8727521860603
-192.7076542348153
3.3739865325637135
-3.7889578481137653
-3.003020018899884
8.008963391943157
-3.3878017418294033
-3.050700808391445
59.288693632124385
2.9780958415066547
-158.10874808690315
-40.32623603978103
-0.999878401131124
-8.679067736239164
-3.642122825448451
3.8221319552663098
28.157875122255962
-22.808456106514047
14.146289779178085
-27.010160528984404
-33.42783128029213
-15.428259023771227
102.07376271829305
-122.91416744208537
177.57318320352587
-194.6708453104239
-9.587787124787399
-0.5910436133885657
-7.444880898409802
-21.290183447111765
6.529639734381444
207.76966366531488
-82.87851368685527
-627.8396077027809
-4.55389645121642
-4.869634136551476
18.862735957902746
-13.400185492761297
-1.1962227013482496
-24.721171246974738
-62.89756852331457
20.768344929026522
-1456.6387643549217
51.37522205774583
-150.1990543825074
-0.5786378479182632
-29.512403225366423
-133.30762021130508
110.17632575972523
-234.5138421221316
-24.8925210009502
-11.077310629572091
-28.384822333082855
-17.67830225524577
11.44991641256338
-12.709161687277609
-1.5614053746095238
6.804119652650715
4.925988710050965
-11.350654953987165
1190.9436075001279
-2484.5111002742547
-110.20969409877698
-11.94471662914697
-74.29370207538567
-24.394072704411666
-8.841605544661537
-0.3193098789636162
-4.832391387222423
31.60106122228149
-14.235797276235443
-16.424565665557108
-11.407377941770838
-3.3683862158863085
-0.5831733830976518
-28.155516781144694
-21.0448917754093
-3.483729660512602
9.590587580663447
-10.710843732230392
-2.463085933049307
-30.999436723627436
-13.274109758910894
109.17596487849472
-831.5751831466449
-54.20972018444396
-10.736801829202106
-9.05103785054745
596.6175577306245
-81.71917776815381
-33.14224168624542
-31.759441155734518
168.6614422223491
-43.52529084087228
-95.13449622781694
-25.074458396929483
-15.292351374422212
4.699276689866099
66.14476007450416
-18.533210425091422
-15.639212564850437
-6.617469766664526
-1.0879563968423296
-4.885322032614353
-15.471234438629951
-30.14304107738882
-0.24812215618058886
-47.52766627946709
-2.8305404462721793
19.791963267420044
3.0205207835020604
5.760897515401503
217.54694084190172
-265.0008164051231
-14.179814270620986
-2.2002285117553266
-8.07931800830371
-7.093053321601716
104.11961401235787
-116.65572053100908
124.6351416292567
-82.7524326735291
-26.484270412330144
2.0349001696593234
-12.748020477396926
19.148698721688238
60.81969847356849
-7.89634231845196
11.325028172914363
-8.072106633842553
-1.932932436665857
31.655986511357927
392.85919525940216
-193.12171065219798
-796.6479203536768
-39.54587609187576
-99.56061327523408
62.33599256280137
-8.10018516268788
-37.81827195174993
-15.908053356254515
-45.53614694462852
73.98366704207193
-152.23601066843136
-22.890813476674754
-0.8971288764742745
1.6748021950719207
30.908434036789185
-29.838764895901274
-48.4172596268893
6.962076865245435
-5.517917732851266
12.556974254899329
-0.917995763400215
-19.87783113474489
11.788730640871526
-20.867866749920047
-32.322798396856335
-26.161588985607096
-5.285754455180634
-2.9183908628467443
13.00420840868731
-1.406053446711286
-1.5314522771159973
-6.960337018686924
-6.134979593989383
-23.02373102619708
-18.095562022203335
-3.871460690173103
-4.56873984897005
-1.7641704717111395
-26.074487633940432
-41.88649559336748
0.08423251564026035
7.238701146359995
171.59201672320293
-318.1415275909248
-462.67967944551157
-56.5291503888484
-17.98003906495885
53.62928623541334
-58.54397204063434
142.27346035005658
580.0664146297855
-203.20636093291907
86.75620824123315
25.764879735496127
-27.263404987217744
-19.494269446746404
3.3362938341511654
-5.068180612514408
1.2745978051065041
-16.07872865129224
20.967635394754613
6.795236903581896
-2.21311756568755
-48.12029557472723
12.95611025872394
-39.45606428964172
-3660.9006748120187
4027.9694847203514
134.3972912874224
-20.722880565637208
-14.892408521878329
-13.058745780311002
65.54369638854415
-204.724644521585
0.7280292482259988
1.9692169463096698
111.51924361304474
-176.8751606241443
-959.3073635761015
-20.76205976233855
-7.389709167751242
1010.1690013903163
36.25346068788786
-14.034630617949139
-75.88355614147353
141.398693405408
-18.742776608178847
9.960594118084723
2.359905821419511
20.619182853522364
-11.123530459969812
2.9833005939198856
-60.76093503992504
17.43463497015591
-20.576576270855224
7.591999767556149
36.22026882564362
-1.6647136078425036
1.866341185411369
109.5142131389503
-16.20086952704936
-22.525541990988923
-44.46484402653466
-41.96904455020826
-7.714980663830267
6.927755646249142
19.89876725906754
-25.609532950765814
-7.269631511063168
-54.0561117761851
26.073181202648417
90.6100033717952
-117.15231404411874
-1358.1360510674576
-66.7277613631491
1112.8348382090883
-142.08598363528986
-74.76532448812974
106.596871481906
2.331607645812186
-24.949476388788167
0.7030289941015688
0.4420052213994232
23.008150411947376
167.2100554452263
-217.49993583149424
111.410726013677
-8.333396117417573
-48.959315181601845
21.751541561044586
319.21332115137585
-16.84369372177166
1.6133803025361824
-15.920469370860546
-9.853583102896865
-10.10339664049546
-2.590996753097007
7.80088286164019
-29.354036214241912
40.330627290575414
5.881661458592737
20.36341431862729
-41.76042022863735
-3.777110631667091
-23.868873418980247
44.90837909830604
-26.653828011272537
-5.936821116788039
-66.12728298989809
63.00969268756362
-22.607288020346093
-2.663605378580663
0.7136416170167985
114.56821704415576
-154.51888725801805
-106.29928240878247
0.10769618864119224
1.7999643732687716
6.920570873220557
-73.16595411844072
-9.535859558476735
9034.68116551206
6428.348298761423
-2.713002838845768
48.53182951275365
-57.340634252261616
131.95206694246073
-55.67311114504694
295.02148009966135
-177.3227928764625
-99.14545632872769
220.0600401365434
-36.36244584512914
19.222477492272258
2.868537766535527
17.363615823626883
-11.17664835375207
-6.324064912196216
94.1677260348065
517.6258969709537
-58.78408716547546
-11.80550487379106
-19.70507647333248
38.45440320949266
-21.85275092827116
6.405112106734124
-15.72304997618019
-96.87963884329655
144.5883880520403
-108.52708952924748
37.99851912166387
-11.713603245872509
197.0852836008277
34.35642140893675
-17.39646451561899
95.8439119078081
-71.76369633825412
53.94785745446321
79.63009765961696
15.952784694706972
52.80352106638919
0.06453502701881875
-5.331417451573625
23.65713955644402
-6.247152351873092
77.78764447685889
-675.2627969379977
211.91907549003255
-3216.8360208307267
-2045.5501719175043
-493.51330568414795
-443.9102052257845
-42.406024473882376
1293.7815179533238
487.58418117591197
-54.81338130958998
1020.367346570412
-535.0255687071304
-19.730861124856627
1614.0070384548192
-319.7381410863234
-404.83241656651745
-438.30247822369046
-66.91862572940478
-63.46427443021765
-57.90365196956909
-25.93832819335884
-47.06039034943294
-29.432616352125553
54.35246405969354
730.0789231412581
36.0587461239678
-5.051962435774857
-2.92504237256315
1535.8211661286257
-3774.7541075839267
892.0568778648541
-1.015327232263903
293.5008571439259
23.72344882681875
52.25045142825902
15.557186898388919
2.5029395641808936
0.4732728443675521
23.230105396971478
38.10789264436806
6.06138992688721
-2.3799962203020595
44.685769056770376
-14.674705057724774
-31.728245245263867
44.07227594696622
-40.92249880545774
-23.538333275856488
31.65292939860038
8.224078329023486
11.72694002676864
-143.00222848102706
71.60592944749648
-75.76332511731438
-11.316248985735898
-40.6462848628562
-11.377630823230492
-16.76775480590594
10.518007763859886
19.734356611450178
-7.685495085290278
-2.699536223287241
26.85273586396355
19.87746566444383
-137.8851900039671
-51.41842089526803
26.631296923664944
-22.03690352642921
101.039215871092
135.56353167031884
-80.10848744496535
64.27334124179195
-15.108109227094594
-86.18869243981409
57.90645318207863
-121.69724199866126
6.914847762407881
324.2818730558734
2.275914846249034
-1.646688024058644
383.09180869536345
-34.73338478809456
-4.080511058064228
156.16382148986483
148.17923392931155
-5.595789758093212
4773.250024342014
-0.5087160669729016
73.30221824427908
-6.912974237918966
-17.003791857687478
72.92860856616302
-83.15424603091506
121.20641243255777
60.19492311645815
-12.303443237755603
-5.686383658420482
-17.441379973476767
36.55347957861258
220.34738522686538
-1.6294110602065714
120.34418618747249
4387.1376633766295
-15.466857107776425
52.14872792121171
9.91114601083966
17.444814439732983
18.700001933234855
-22.877369537192173
4.761953533425004
-1.0212201350424266
1553.3595396478458
-2644.960583790516
2.2508517239483834
-9.3185695179377
0.46851513009087853
3892.522848794834
-6023.647208813899
-3754.5350769937754
-19.83876158210187
-4.5337270471402755
9392.46414622247
7.442527556564619
60.15875836936731
3828.2284715210594
-8705.721981870536
-349.669144638447
-94.25427495490511
4.944484299035217
-1.4883262417015217
-22.778256667529707
262.9228196612849
-41.49394369431277
-93.21066912744426
-54.08625630709218
137.2328473295738
3289.7010045606607
421.72228582998883
-35.761200280502386
-29.614566707764382
51.44690894574804
-93.37463422381687
53.20952847179401
86.3360563783272
-101.20964721945437
-1.6900237078904419
-37.37569460651647
-2.577495804003515
-58.22958101034893
110.2558197718876