4.093825376038462
3.9216245722123833
3.304138961397188
2.87425289215375
2.9382322909813836
2.615749260228023
3.380332900534031
4.282451837294816
3.914770154097354
2.560576687842383
4.5603398218495625
4.032318485117329
3.7887094222644353
4.730544349005968
3.493698413782482
4.170607327028107
4.144102721645253
4.06982228242719
3.3478872947874607
3.1859648027444405
2.5967726838803356
2.879560276481191
3.2161762747533866
3.937468335053546
4.06690717883582
3.376766732996978
4.639154452490247
4.473601181558629
3.414629952479704
4.320658149706834
4.102541017821554
3.999608110432446
3.5075072029012584
3.8268722852059507
4.044222403335859
2.4773953966715525
3.550675023036678
3.009698851666164
3.4957093294928225
4.027611108444408
3.6099445486860335
3.960051510490763
4.686335646341148
3.305385053993589
4.1753225192922825
4.010392852651056
4.143586431315778
4.511046470637102
3.957297269137602
3.7385598947826213
4.008651435627455
2.7286074691934865
3.242007565999445
2.959518723411827
3.263747223504692
4.424296326902776
4.077253957199251
3.0095712684531084
4.329349380706154
3.545123786376998
4.117760153303522
4.434191044920639
4.227361065445419
4.319931591209094
4.130592309629873
4.178463082924211
4.567689353898564
2.9476334328507074
3.47362468202271
3.478731021706238
4.177542537760719
4.244779911838971
3.365893538649368
3.3709924748269846
5.017131094116954
4.029298812140335
4.516233827110578
4.611488230812927
4.2203667118494606
4.3173814392745475
3.0655321484502944
3.050388903645589
3.532438279960259
1.562223933086867
2.5847499995363017
2.1654314977803293
3.0160659021961576
3.2051927397712805
2.6977347556319615
2.5607397602658177
2.927386451115798
3.1565979683949448
3.4288903137190183
3.1582170263857363
3.0932261104166225
3.0762325839599804
4.094821975727052
3.7240678698684326
3.2899369968953285
2.4035889073225687
3.121844309144064
1.9833191381411315
3.2396678035085853
4.356383891216686
3.7584205366312617
2.2511940465353066
3.646395314327464
3.0870139896671307
3.448682483270454
3.4416423571371166
3.5279268753245465
4.290479630685566
4.301723033498626
4.228111032710351
4.080158163004154
2.5348737945313053
3.878315126666221
2.7610122924328073
3.8382956778955024
5.7422992608358845
4.486016402317687
3.6421035590035626
4.199800167540691
3.760321045111682
4.7039844202190055
4.287405355984672
4.542572855415869
5.070779969814946
4.780711938613448
5.009992528508891
4.010183533339455
3.921970243011708
3.4445063535681313
3.292262230719755
3.608096778994003
4.67341721134155
5.0408664116954265
3.5218883309603
5.097021319314046
4.2093130899383135
4.301902047359593
4.753970820995202
4.59100524610112
5.495003950664919
2.4097876439207924
2.214799100828689
2.250586090972337
1.9965631165434543
2.0753766016186943
1.6866920737013074
2.0217625201971896
3.3753624185389097
2.506906579889105
1.999146705971768
2.709627353897609
2.132936881911444
2.6230507039813706
2.970540077901948
2.681637735759096
2.919056810949465
4.896523219760879
4.836816161401136
4.527735254569817
3.4135513524214756
3.852190875905284
2.9801499168974632
3.5160528905102546
4.822538754881639
4.591582732135522
3.1152347510981078
5.309103134665018
4.067635687300698
4.083015968844161
4.990525515325319
4.146896792116983
4.769603649117065
3.6889886369781384
3.6517948117415684
3.6534158221988577
2.699238030829163
3.0865358383622046
3.0106345168810607
3.381380744422596
4.021029012757613
3.6369025614835633
2.9323748551778643
5.10827001478494
3.4248805268549583
3.190570814049004
4.779850706946029
3.814241036915958
3.573805009772777
2.866596029290655
2.4822523777627974
3.084391125807049
1.9808688911682653
2.406585897805939
2.262156476574018
2.7470975680482073
3.593112048634095
2.9734564072797
2.4189179868916457
4.061176633980627
2.3872041235695503
2.6992493137270164
3.255633727648122
3.807463161961158
3.163201055088621
4.3915828535411
4.302084539343206
4.560833558647771
2.8468451122324
3.563020341003099
2.6327472321309524
3.6966711701870563
3.8684115304180886
3.7539301478658422
2.4439478732127786
3.958419170433991
4.0747375870914455
4.541938071086828
4.212531173993297
3.7313595656631997
4.528539259554168
4.74535147686685
4.03858801970367
4.10232775571228
3.223345967300849
3.789437079978368
2.855174244174267
3.925491987476972
5.152951377330111
4.397001439249965
3.061437789322708
5.1789362347726735
4.046081363512479
4.332914784822189
5.130113327476974
4.516535712139059
4.874811222975498
4.534222300240546
4.665317417417934
4.119591964945443
2.529605765120127
3.943939784195575
3.067732608202529
3.7500087563114675
5.014678098982416
4.968828615357178
3.325387466660192
5.454784187441477
3.5816221463010938
4.135583188305335
4.723838090693909
4.314653623726577
5.028840452707441