499.6815828018352
-3.5965481374096555
-8.609173353779953
2.059642516117367
-2.6860348462437225
18.361818566851372
-17.49402666288
19.676660999324607
-0.3267842152173004
6.616701774573534
3.7154986060203927
-3.1633285176205947
7.919663105238327
-13.270281721879192
8.385024781049966
21.744167721820308
13.715491123972614
2.554946557815783
-0.4893785097528376
7.347322093395953
14.10798221426172
11.500115358610488
-1.7873841170319442
-3.531060268848979
-3.7397517201993327
2.029563844813333
7.751392270953716
0.4987486091518716
9.165312151558647
-1.917278140637468
-1.5062605698068154
-1.4745832653717879
5.592321387994594
7.481481738105745
-6.928867727236679
9.764799893332446
-11.20182217863937
0.22489540171893818
-5.905946979288307
12.294226001556629
-17.89980972269532
1.8672568987443032
-3.1286613869244966
9.38510312646598
9.799978298412553
9.453429686052308
-10.369262083811863
10.801265921533572
2.9372059549506306
0.40427292100708234
7.929523849013095
6.3552424619673085
-9.119280291600836
-1.6440965202725484
-11.258065277158371
10.083500913318188
14.392857104074036
-0.9463071782463697
-3.6272927119441056
-2.468729523590603
3.766778342642746
-1.271371995263978
4.735269101622756
1.608023023405219
14.660869963242991
5.042526103265409
-8.107838377598663
12.269466995205649
-5.3447561750360135
-8.677557168757756
17.355167112876412
-10.008566835908802
-8.194932649560739
-6.87143158343451
-2.2670624052816466
-16.84819264286808
21.33599313052022
16.669259832607278
1.0484366364485107
5.003377945847586
1.8455482808793562
-17.12994367660205
8.079351636285411
-1.2632947313631613
-11.133551710567419
-10.151002730174627
11.038016194992595
5.937139897251117
-14.627588316076865
5.226009830405535
-15.766963093673033
3.8685177117507026
10.619277056588155
-12.513268625708443
-0.43077097743615145
5.222731953626273
5.3400735490690545
-3.6318625905697144
22.013349204305594
-7.613915482555464
18.80338947708889
-4.6247792813002535
2.3676451286687192
3.9364513626749793
23.792683729479368
-0.6810408560820029
-6.095590436231258
4.447163695531535
15.499137584150452
5.311252126531056
3.6529779009522114
-6.366360720991895
-3.0314448060097114
-2.6034210752852016
0.548357935665812
-1.0694236056584565
-4.642089004118748
21.80351640625871
0.043759803056433455
-4.281253602927877
15.335608468133321
6.651161530432138
-4.838360850431241
-2.4329720555247163
6.1548042489158465
-6.027823001968132
-7.531781732201488
-1.7067998171618277
4.66031811079895
10.396410774285643
-5.881579405795479
6.006863116658604
14.918514717494828
-2.3249463599017277
11.521901165267925
9.906478178741066
-3.316038102573977
-3.8936160158345285
9.935689557998947
-13.85419955225265
-15.395420872956633
12.075059166792583
8.767006522231965
-2.01705740689386
-8.542323589748031
18.66538255923869
6.785000688555697
-16.776643636504833
-2.684641847496631
6.203680922111288
-13.294466360497234
-6.4255866364562655
-8.019826500010518
8.186711125199908
-4.633207243479798
9.143122390594934
5.180633170243282
-10.946522514299234
0.637124852442305
-4.427872933577333
-0.9959523524723326
7.72603659973199
13.878371170186442
-0.05490424520998971
-4.077583536190317
9.219402694560594
2.0058650397648927
15.026379198214252
15.577466439983821
-2.535601952497953
9.783037026403433
6.521595766685086
-4.33647985850624
8.10297985118868
-5.444615437114883
20.756255327362542
6.608476086528959
-9.015118862493347
16.81696990638193
2.2462234715144413
8.718789519456712
5.235955379388321
-6.39499320194582
-5.406504882338013
0.9459619118405964
-5.8680729350673415
10.326201207908804
8.99253397527968
6.61271886031073
-1.2182716681634416
5.941678229188848
12.773720508430054
-9.557565845606272
-12.274320284761872
-0.470305111019176
0.2676437400260154
-8.162081344200233
-10.129557048714128
-3.9161777356910803
-3.969353092491111
25.28295297348561
0.6561847803898804
7.614434575579039
7.418919809187773
2.893283388649433
-24.459947335523374
15.835506842952716
0.4878587255004634
-7.5193339544879185
9.369115865064947
-0.6455625029206926
-11.59946757402073
16.625458559672037
-1.6167232626850483
1.293862269360221
-4.988246403707791
-3.648764262010371
-8.175367315397674
11.034716783503422
-0.2138367913715058
15.767156997338146
-0.5332694577262531
-12.360751489200002
-0.920269578435315
-0.19385447154076596
1.0267245597104755
-3.3324229247602686
13.522921526454434
-13.069846622609674
2.175002170145932
-5.415962683847206
0.29566436394909523
-13.067149110539246
6.7257359043570775
3.1580019040780996
3.462983839789819
12.848584832923597
13.643989596830634
7.87768553558557
-17.737213515267843
7.514722054551052
12.27935545527926
-2.3686601318464966
-11.142323442794664
-15.429927707075946
0.6239861866319361
-9.225508078892064
-9.56843392566971
11.452571110854985
-0.7158179047329902
11.626917855138336
-0.5765873367396139
3.943119519965158
-3.0649088164581353
18.31914051627086
4.945137213272864
-8.189853539271871
10.246756599336235
-6.779968407946494
11.753128233889472
-3.0739048326698657
-5.359491190952231
8.829969463878959
5.137078231187519
-4.071149187241356
-13.90142295949211
-1.2868041488011634
20.677292248153584
2.288161714411345
-12.258370510790451
0.6037616571241897
3.0415995706908667
-3.2222794589857524
4.068536785008477
-1.5583699501152628
11.504536117290305
-14.909162432390064
6.920943508648338
-5.777236431636081
-1.989853423401483
4.197107278076202
-0.2404311924943343
1.9396310332806843
15.988141475906795
3.1711513621823184
-10.216884035564236
-9.592212607107081
-2.5675592945577326
13.786079628055374
-5.6310386948729105
18.567740508249347
4.410280038113615
5.700985525913878
1.731045750545565
-6.853098575436403
4.826810101843276
5.066004871793413
8.639423477365822
5.492717714030916
14.0853645746295
8.917608279324655
3.461900924543172
-1.0610049802469015
7.131087489251878
5.269877259282796
4.395517888881012
-9.438370977528956
13.065878983199136
1.6630952624330608
-4.715926741464611
11.472482438363825
12.855957244745257
-0.9566890796764369
-9.970378572392526
-6.624859476766506
8.878839913698995
18.482255139406416
-7.703371418126774
-10.942541916461805
-17.474414451167203
-12.802195649237683
-22.230532945461366
1.080504680553848
-0.2841140965979577
-8.214925905419465
-4.998654408414038
6.904465022072283
9.78153179204231
-13.557471601157724
-3.3781476618666
-6.48232964967431
-2.7014291231586687
-12.422961031469331
-2.850794545328947
-5.740152415198284
-3.5626003621113633
7.4171632680127315
0.0001323617795425669
3.0880282068257165
6.329912755993338
3.0393666063102542
-9.844129435361149
1.482028809243761
-8.157723625252958
-8.110412151822343
11.70745075026638
4.486349610681442
0.016339515796034654
17.453482453609045
14.047271314421069
-10.552040946042188
-6.763983664971348
-1.0054775756356413
-13.209568143380364
-0.26109325992175414
-9.213556497793354
-2.495589734069243
-0.6878565241090742
-3.2330797988811795
0.8626944057415422
-2.8911225664442783
-8.778406108052009
2.4943612182913264
2.9559035983644937
7.826738536035166
0.1993076871138486
-16.160363710272588
11.146396720048363
8.828459989346198
4.921192787318229
4.430893417574454
-9.063251193126273
-9.301546094487447
-3.8043691780946784
4.129626025688488
20.495089865928986
-2.02717642736435
-10.226015473011893
-7.602364005300848
-1.0169257885709917
6.07438875522278
10.778724624940716
-7.613350666157296
9.667814456085376
-5.440907416922095
12.783353526865815
-7.184031636400539
7.126556943899195
-10.357628433702706
-4.1069741794163575
2.678671173843536
1.7972770863380212
20.954209826956973
7.152960445372098
-1.593024929944419
6.4432797866790095
15.7562901314256
8.4458650100657
-13.57511399307821
15.862625294652913
-2.2748030796579926
-21.459029852277784
6.729162182575904
-13.637084644419053
-4.742867009239492
-2.0790641202386664
9.939998104432009
-2.2151205751804564
-0.7855180774520415
2.0119334852585724
-3.6222259053929418
-1.183450969779458
-3.780162514219016
0.429244237393952
5.01945336478524
-11.158464094323106
-3.6089375286729704
6.630116829349821
-18.165236722272834
-13.123636666457946
10.278969606927484
-25.821186962406312
-3.5708150347427923
-12.57636706290217
-14.457040005915863
9.107253751287944
11.047731783483947
-4.10852215849283
-21.712154210249864
-0.9387542101401571
-13.762726302560216
-4.748736553856275
-8.114568304378215
-0.36489691445299277
-4.15707108782516
-1.6962382539923182
4.984962723860251
-2.2976132126174393
5.762296853439506
9.63404360482687
-6.247625086141139
-17.572002840838447
3.875902177118228
3.6135851688070093
3.3295037545388495
-6.7427946835834325
1.0070528503237908
-16.928668799975373
-4.082445011130903
-5.905716061750534
0.8261415130776216
1.125174636000157
6.315531805150916
8.338342901157032
-23.27024281426407
2.471341147626376
-10.118774352852293
4.972440775303855
7.139701223950288
0.35325075894802804
23.362053331309813
10.842099732277111
4.94673194096161
6.408378238427802
-9.885177060260402
-14.954255321367347
6.769231224197487
-3.416826384625862
-4.342539169147277
-0.8630148239227695
-3.3722781236096266
6.997509183913967
1.9751292906487112
0.2422652660267044
4.234262014951551
6.291442710170139
0.16103694689265424
10.557551159037684
-26.504551928886105
8.68165594738804
-20.25547298967835
1.5787540535399014
-3.438486097007453
6.457757525953487
-3.8978962656034524
6.196389473213826
-5.82105369280393
-12.724141588349083
16.8871312292417
6.769949925221487
2.537174172292022
-6.512155214455233
-0.4946506603590277
3.1421292758999715
11.185220316707314
14.067804497988208
2.158721091968459
-7.772672269848203
-17.459902100777303
3.6620459295200147
19.133800759633132
-9.321638146665162
-6.147985142450394
-5.610096388008231
12.957799376276526
0.15855288840881165
11.21734925199445
-7.1295409559102465
9.137274805412888
5.993459194396707
6.140644151532244
8.577043457781388
-4.25909420196595
-2.0367473747654543
8.936714944275126
8.241328535937663
10.867022611523144
-1.703533697962099
5.463472021594929
4.540355362114419
10.203684514912199
0.08758804066029757
5.833199716621009
-14.49914665564195
19.195752811382643
-3.194867760947284
-0.007093202636534346
1.2926829954782686
-11.72665441721423
16.62382825751823
-17.27559394436064
-6.838458921194701
3.7498267059318886
4.398887461738377
-13.063769228810544
5.894220809427083
2.8270502345570754
-2.154326813990959
-12.131458750493879
-0.5990616940282054
7.745014805126409
-18.258573661978975
10.965733371217349
-8.832598785564281
-0.8019118037644599
-10.200268539821916
9.152400280695327
23.529984729009012
-1.2931801795128677
-0.8320921735381801
16.930663730052196
0.08120987386507394
-6.920730619532594
-9.584241073827352
-2.6283680901585744
-7.550825064470922
6.413007947014756
-4.132447928461478
5.295725870909629
-6.438684284601089
-5.437641369424621
-5.583436554930109
2.8632418308759404
-1.3599264960383244
7.898448187939488
-9.381244964969548
-4.560036417321091
-7.882823631588157
7.316844121669621
-0.21998335618099896
17.00907193005779
6.193785664884683
3.4836310773952883
-10.572787739682871
5.877514836245671
-1.6405598080377595
17.95708482017368
-17.768261799345698
2.592973648355779
-3.1335816460122907
-7.951649014344729
-4.720553581899641
-5.767450627452599
-11.931696125830358
2.7886044111211867
4.335211566993535
2.176862094739079
9.827073331527055
8.395271591235263
-3.5811484258998383
5.069113449169694
1.9668840457964298
3.637485528893315
-27.62475857273289
9.592097239510553
6.330070718195029
0.19926090046782807
7.002275956261533
-7.329979442633086
1.3534296414420566
-5.144532463716348
-9.79691660031994
1.9929344381006957
-2.5655924358959425
-2.199275952540782
-5.011749204368095
-1.348286569267547
-4.115577667727016
4.648266827967523
24.67162418656677
-6.975537998338194
8.901017142479072
16.10691822301585
7.7204333509476575
3.8072029739535673
11.10706865867987
-9.983480346166212
8.36813594058964
-1.13358292968545
15.174482605331525
-4.826972225246254
6.6006992911747835
6.73778421398308
0.06629856348226593
5.674885901413191
5.970247914074131
4.78435642332457
2.3616941026195994
3.4416531946715954
0.8494283857541951
7.930802280397242
-4.674984625254226
6.247025560043592
-11.569122689269543
-0.13943179305751663
4.149385081385817
9.568469310423735
2.2343634695334544
-8.235619881688601
11.317739450523812
-15.479924942326265
15.375939013168578
-7.420605276145399
-4.7772483269282455
11.338301852116901
4.925443942865509
-2.262470127906152
3.563845436885809
0.9527909059776172
1.7097600179168082
-11.062884938622782
-17.92821912102546
-10.4094990570033
3.586278789479634
1.5474801391245425
2.5020328835897447
-1.30668774221311
1.9643990347242382
0.6419405020159559
10.565039748950271
8.979924839772869
3.9701358114759304
9.002428077955022
-6.050737777252697
15.466592225366481
-4.415128929389725
5.246604115117623
-2.205557573270014
7.368957099229465
2.3364140530194875
7.096217647607134
-15.220338926400006
-5.909261937865378
-5.95997184083781
10.494318110891522
7.3365091309559824
-10.010461573038258
7.810490709323861
-14.53853047046386
7.606086959927587
11.957999549110747
-14.326746118811885
-12.729861090262292
8.494212107272832
15.405537942119699
5.77401355413353
16.59011175729747
-0.258058327405724
2.914595369288466
-10.431969680281066
-17.814243682524815
-17.65965497155832
-1.8721716198742238
7.100269534695038
-9.455524734324383
-15.161304540876435
-16.881768516556853
0.3648454743007328
-8.070616512576377
7.429796329060125
-2.8236974184657813
-12.161064765138532
22.884516769443742
3.877165967580769
-1.462774023931498
-3.8045752858250306
10.895863140326489
-2.765323755491149
-16.099336713549608
12.038593288981998
-13.792060849288989
7.46318331835007
4.644869764516645
-13.647639257470063
-0.2004320823239354
-16.736840840693862
-2.1962232437142206
0.23743832631785167
-5.355021994973808
12.151660552031627
-10.139741632957069
1.1428970978069
6.72392278389749
9.360539912462313
-6.320320211426027
10.95742418189254
11.723453033827253
6.681493929068208
-10.203148075617351
2.67943641760494
-8.04717179990825
-11.388034601865359
0.5134175967727401
10.908075620370008
-17.938508855462235
-15.592860802269458
9.082581173704677
-16.316038991942083
5.802579170360926
-4.26050653071306
5.189455310954851
5.7824155656848815
1.6759330561374104
-7.745790480331256
0.9169218673320287
-28.68542875787797
16.915553659042356
20.767543435773458
8.457334853108685
-1.3090977548793803
-5.78132296058281
-0.6663583353499796
1.737876575253639
-2.1757846948683075
6.1433423747632245
14.383184203534997
-2.7565559023484196
8.979203090960743
10.556086391158244
13.648282817844867
6.423462950707171
-16.290297941108246
-9.741495188110685
5.1253275180054745
-15.347396564160181
1.5402155284481083
14.780361897183896
17.369942208860795
7.84999452964663
5.437947941848464
-6.659178643603125
-26.914758602364156
-2.274338480542248
13.579169858020402
25.70511959063659
-15.136105863711139
11.199738672076407
2.704435791547221
-13.248705556988464
6.486905440831673
10.809947356384116
3.829869500967496
3.5190996702116384
0.2980069761416384
0.8745975638965753
-8.49766330735484
-2.297570450113653
-0.3186783440563933
-12.08029760610548
-10.618166571655768
8.18622883120293
4.828430369110509
1.225347609762247
-11.612415059831001
-2.1881254748736767
-14.233945192599334
6.171298548796694
2.528771612423135
-2.921419685219241
3.9926851947538107
4.189728434659256
-14.394692288832955
-17.5423608090121
13.45604284879815
-11.174745975554552
-5.842019922096386
-4.973331982709044
-11.184337273742125
-2.7266781396405233
-10.576383872917516
-1.722129677535973
10.200819883821644
7.263175482874914
3.446497542725476
11.269040094821596
6.182972967327143
-10.051569061455284
-1.3383105718194237
-2.4353351059132033
2.4977502280955686
-17.332473286021195
-18.534237663237814
-11.67566492165174
18.581929610834
16.77636088990437
-11.755072085018663
-5.166466836937059
-3.9267501627309023
9.026049713662816
-11.301348284068476
-0.7526838893564023
-3.6108208939624507
-8.12956799195072
-7.62652903442702
11.439882378050273
-0.5436314732322316
1.897412903087361
4.033591605198763
-0.516964136119541
-3.8656966006826186
0.27073875335184816
-12.556963357182127
-4.4387150775993165
-7.795664287199124
-5.199906807498365
1.5372027867934177
-8.116123998357077
17.093002127660224
-6.651416220313357
-4.2826959320699585
12.948332113447067
-6.807121337108627
-3.2764269312567826
12.898002392163185
10.471940912303458
-11.543792175623805
5.334673474844725
-2.417625799243847
1.0866961036944351
-5.649782582997236
-2.6515651916096803
-5.991108182314895
4.881175677774421
-6.2677263939136365
-4.835991323109
15.310733595728339
-18.118447151202947
-0.9332647728601842
-7.45916619321228
11.275300604842627
-11.956325669421334
8.518023293854208
-19.43290503592597
0.7697326201175123
-13.780011514301515
8.855221322305157
0.45176940497252005
5.413506556298178
11.986093992657006
-6.535847486650122
8.008987869025345
20.219377611077793
6.076613852345189
-8.5534631885967
15.82348018473166
-4.9825948344112545
-3.999731051619736
10.089929483361205
6.781119151319339
-4.279584615612786
-8.648754852733367
-18.04964198259265
-4.401553581459912
11.664718747171
13.857193011553372
21.991908126803192
-16.560695585921042
-15.846960097904292
-7.044515223429618
-1.5986909779570593
8.573731114551277
-11.256322135921897
2.1246277586268394
4.887667406916482
-5.595462275107047
5.635671177777627
-6.178843654573831
-4.515336975758745
8.564283478914138
11.838428080407219
-7.7895512561012135
21.80322667442731
3.828182529489975
4.147152583793733
-0.6312415000184743
-2.814147873135963
18.997143312093055
-6.601168555063759
4.327205744252676
3.4646151490004926
-2.212062362808691
19.360892834488695
-1.1999772462264708
-9.804844279798461
-2.424912468274487
-0.07453605609889746
3.836351970048471
-1.9409759668786737
-12.170520682962776
-10.69026068301502
6.500943933475907
-4.864449931443784
12.44698262095167
-11.233453877559326
-1.8599988851340865
6.898400779938457
-14.895751898022604
-3.6032704617316487
-9.576364520003581
3.6955828544301954
11.55873707293294
9.773226849952065
3.194906099027482
-6.25779419879827
8.415896328454401
-6.339170294462628
-13.299512341819403
-14.911603467147836
6.228278546457065
-3.822657810621511
6.771949479392867
-12.262894542740591
-11.582344981650484
-15.607847589169152
-12.04037799202556
12.894876594609356
-11.014400047544251
3.6092314178386515
-4.90842417790313
8.314994720550628
-13.78660490930406
0.5147077789258905
0.24271655860531105
-13.11035142438319
-6.467018554591168
-0.3358480556109047
0.034261637185415084
-1.7649796149940562
-2.723311835400439
-3.3818105327333945
8.12205907511809
5.479662148910708
-0.07026166930561217
-5.677677687658918
10.851007568674776
-2.350643395619162
-2.627787914687811
-8.438155839431845
-2.781257385615159
-10.484682596982887
0.16580469307530077
-4.101088168234076
14.073818217716303
-6.4428719312500204
-6.632871053857098
-1.1445153709605531
-7.671962382544649
6.023465883464491
-11.021058257361995
11.325683042090754
-12.724933025658322
13.344978220346965
17.792585662920363
4.457936357497535
-7.484454236612753
6.056264828978269
-1.874360484640215
-4.58515207403735
5.898035571577249
-4.525455518684402
-4.830213579919232
6.988352377233562
-7.1190665409134395
9.795273738588763
4.897198976327842
10.444784873660014
8.962490783748885
-5.14920999711349
-4.143344036869088
6.682140370961916
11.895670420916572
19.01941015863874
-4.523480710681139
-7.288449097037886
0.2036927498181751
-2.682309023439657
2.725624413625127
7.918167411121422
3.5699109733761785
1.4739355809851407
3.9447802767996984
-3.181244559769226
-6.2957699694126665
-9.064352022508432