509.4771675150243
-1.069122526598676
-11.363466875150076
-3.6789775171669032
17.063683519909706
-18.750928337885714
6.7388623228171864
7.078171101527434
-2.542280697852187
6.705923416808425
11.826376215805405
-14.219845124048492
2.191112753488438
-9.32937785917696
-2.7972591881344404
3.8420300885011227
-8.799728053539168
-8.75736106071155
-4.821299150384099
8.88036751704597
-5.571679885195434
-15.295669484694587
-14.88665114709368
11.094048390936518
-13.419155566467913
-2.7659936287430513
2.853952661481393
-1.4416709622857162
-6.47665341917662
-4.024874375405299
2.5658220680680586
0.1482989677481199
10.092881210826205
0.10136066009621025
11.195841795215985
-0.29226027602946925
-10.198541056225983
-11.362881624390193
3.0318103362543853
-6.858325895208901
8.026222336044851
2.939432140632419
-18.989558427515302
-17.771279864742464
1.0180176168459818
-3.2690354731511553
-0.32108242243940666
17.33003190249316
6.110697349711596
5.759402316043137
-4.161453730929707
-13.845324275975239
-1.944126107898763
-4.434766068134134
-0.6620395514264016
-1.5029425874423323
22.393042693576913
-8.069339969349164
1.748873365185278
4.3915402678647455
1.57984560889863
11.185799324849507
-3.731062197494609
0.6411475618575193
4.254483708161586
-3.4601503984961517
-5.311833869459899
0.37469285656804985
-6.978051395959381
6.167748345259814
3.651464208699991
9.612500032908558
14.73021933392433
-1.8714663761929478
-1.7783501589564792
9.174960752930447
3.3645428069722176
-7.149860843804498
-10.138414601099969
0.8688814099243842
-1.1221539244810534
-4.8024883785444334
-2.4835369565425776
-13.028210207496311
-9.126840259086626
19.50519059677082
-1.2010531672041662
-0.9211815404621279
-7.78512499788099
-12.201745429485731
-4.151361746618991
14.81880835682084
5.747140806326672
6.085170440354362
-2.8411614257438598
0.31439527136145373
-8.629753672062956
1.3300942963555022
18.39814573311607
-1.373325277425586
-8.620176479124313
-9.383497194725416
-13.913748108935854
2.6562027185159254
-4.33524559833792
-12.894435246327067
2.2628194117432776
6.68257840692725
-1.3083179354105283
12.045458482715384
-3.746860888862589
-0.9555598299614554
10.673930198033785
10.141041781603702
-13.350136822174898
-7.690535794856092
-7.400105957175637
-5.436520587820575
-1.7030053680790243
-10.41883777590083
16.015681955116857
-2.286076171599942
8.136440606741507
-2.587783974897745
14.119614515135781
-7.243631908265637
-6.403588771662652
1.6586479263787246
2.3483314499941117
-5.209535851651251
12.543601525934418
7.349906312282454
7.753507600631768
-4.368459366889714
16.17527499684611
-1.762147987041371
2.567138304505752
-7.73133595115706
5.270783149249805
-12.10153038050997
16.134545077447488
3.074666123245306
13.626239902093419
6.635472539086664
-17.78566493272476
-1.3681692225208852
-1.2648702003139891
4.55318441850926
11.916998015015468
10.28294527206211
19.162354625448895
14.236309749511557
-5.9118724736752375
-11.444221530337563
-10.75339626888085
-5.816542592000924
9.837436860076812
4.132499373713446
-4.208115516805765
6.6581417589014995
7.47954501105984
-1.4506884413457501
-5.28556190022035
-6.60282925832882
1.1580353012498215
-1.0577110519715216
3.3187115115985004
-7.462954567882419
-6.180783551747581
-1.1986052890972987
17.05174883852482
-1.722794048414321
7.789472931691683
-1.4156432667797945
0.9506429380861032
6.985198156093591
-4.746309351014433
0.05358991969135429
4.175554168458884
-7.159904293904434
22.454244272904305
5.225354876544802
18.51185727508158
-2.1850077051829935
9.34032101415229
-5.7677934680605
-3.9786570969601875
-25.11330208683694
-6.872474554608602
-6.562011088539472
11.7963442311316
-6.945769637062981
13.423243459889962
-6.050208140462369
-17.330656372351907
-16.981726451959187
-2.734503342777834
11.682066256049714
-3.946571185042362
9.842325626776509
17.445738758722573
9.740883988286912
14.157241498413976
13.5476092033882
6.140759819012898
-1.0311791181555536
-8.543043394822629
-0.48181446272326234
20.562439905940444
9.759850262755098
-4.552517361936872
4.30166284709786
0.24725209224142985
3.9632277310609934
1.3220187299371018
-12.856187842181763
10.208561795726828
-2.858453375394999
-6.5606591011014315
-4.874374551891893
8.342658405149708
-11.133678780402379
-2.1938852431307247
2.1821113428448577
6.404206011035062
-3.2633003388585045
-11.184053925533574
3.3087005865383943
0.36106619125347095
-15.436246518722738
-18.861238111038826
-11.3123737042298
9.99290824981932
10.796426822057056
-2.473282174745678
-10.370891363276185
-12.98317999661071
3.6564083552979065
6.53911678743337
25.740288274306277
12.712788122258521
-18.632964904872214
-15.958138648572026
-1.5645082160435217
2.2182475205550825
12.585146065238058
-5.907739878452177
1.8559758161089004
14.483281892885804
13.513785172755673
-0.3285142942301249
-14.463108256551093
4.102832503014672
3.4662603782168344
-0.1089977759973122
2.7822013488195796
-5.384675688524713
-1.6126909487049197
-6.92981032843564
-7.002128893074674
12.23895797173148
3.367792969475081
-8.650445517057198
-7.92950737393289
15.249886789042689
13.420162041909249
3.7710829656027443
-8.485727342386093
-8.996431565165596
-9.513880186012509
-6.918810845440109
-4.093490678511858
-1.8606241856150918
10.744660240207862
-6.076447549416684
-8.282664254849296
-4.571277030580994
7.850330742374444
-9.234021956367767
-0.4498456743743544
-12.529449159463114
8.930176705193768
8.533935651793927
-4.864473778199113
5.120951355261641
-3.254498958416544
5.875258957420944
-4.389520914204426
-0.34729106212884275
19.730166128208552
-6.0622880597696875
-7.07408849751556
-18.06939219939856
-12.043081945603804
-3.729850881998571
6.41110139120611
-2.9611872612594556
-6.961764825623707
-6.044811688853404
1.1541892510429852
5.096684730525481
-1.0601478654966119
2.7012479828800884
-1.4460619339275824
-1.1860268129948786
-13.160055445411247
2.158688829229535
6.389005022619226
-4.106501778207341
4.4544450450995
3.0959333328024
-9.510612659141886
2.8271406996342043
-2.2292932414834215
8.965462252918476
1.45512743730468
1.00587532749516
7.2222789085632995
2.6252312035666363
-3.5370366713692696
-1.9872485429674098
5.959370952542988
11.92453705169177
-6.255885752238782
-8.216974901753671
9.666083118169544
-17.722472246766817
4.266231515135049
4.036259063906708
-5.4957542616934445
-12.1834255563934
6.3456730995168344
8.152216269504178
4.764040617846962
0.16221195440628833
-23.523068728800542
6.740726418011676
8.2089341051787
-2.2876055716194066
-9.358330494741567
-13.076175329499772
3.484437856033665
9.805355974960216
2.3521071609199207
3.021383974449677
-10.580969712824162
-20.591617143433883
19.996118780757204
-5.657834875839277
4.782397677913528
6.2455928096054025
-6.955429869863427
3.5537944670096815
-5.355419764649022
-17.96880550819004
-10.2874356820656
9.278955358760088
2.526158063916833
8.342561566324884
-2.5607869600170896
8.06223638312481
18.65019501397482
5.288384363296447
-19.646429183451712
6.915864720374994
11.229525136981827
2.178165401634652
-1.8223199890328146
-5.657324979625007
-0.3800245110555944
3.1094117819113274
19.002241088167697
0.40405307879656105
6.223345707001239
6.236097478750438
21.1933153868539
0.10077362651806543
-0.7471272213770399
-6.8975061513383435
4.284330734009713
-1.2755448385289987
-2.9058663904896407
9.136821849261791
11.831616141144055
0.33069694294055907
14.592632106544078
-6.080405993437016
-7.079324464059245
-6.438200079564845
20.924098689805053
10.275507123902571
1.275529220293146
-13.409253231803449
2.723431110721161
4.969492533593752
-3.1146658843459725
-1.657143957434546
7.009321344414244
-6.529773319072954
10.74899452657728
11.699113434400576
2.77423784008389
5.403881567092376
-1.9164325164809561
-11.879243415737447
-9.667219373961435
4.877638998334125
10.775217846310655
-2.6671460721261417
5.205663442260831
0.6386170373082262
1.775957617240094
4.261860758237368
0.8175205968451023
8.300903831228146
9.354930129156314
0.3467208343820425
-0.4003067259586399
4.249012263286453
-21.704820957142243
-27.244409256821505
2.1878828302292312
2.3018798237476403
25.28912063341186
-0.6073212197461104
-8.285271941759389
-6.0630291681448325
-2.3974185864668933
7.8524145149202615
2.8749796098034213
-11.879986532430356
-10.37718817978193
-5.222663635377379
-6.98363542167657
5.270832886795674
-4.454194635578185
1.6134265054867885
-9.596270700743938
-11.489827377314326
10.183837047991082
-0.17272962911122214
20.36403847844672
-1.016244394821678
6.610343432297188
4.929134785828819
-2.043366935501689
6.911354650349014
6.007803424941339
6.640209627313188
-4.207814371597096
-0.9118169634474902
-8.818311464058675
3.7578610769979606
-4.354508840492538
-3.439396156200061
-7.845312879315823
0.3177149497117455
2.6169959408684975
-5.062500438953266
2.758935281080386
7.879419625819309
-9.195865781228816
6.835713381234863
-15.901356280633367
2.3309898082344893
3.214802806813967
18.078279697333492
1.914246469354861
16.529460208061327
10.609231069025354
2.2515078594369435
1.813725355552888
-6.368075639258401
-8.448390833987963
7.671755429167994
5.493076721532629
-10.626529715786015
1.881898126375007
21.31491502345636
3.8593471710994915
-3.5831066561031704
-3.8454186359516824
2.581463580095712
-15.323326287261166
-9.278399752551115
-1.8184703019583295
-6.587208213587366
7.545303292850146
14.130110683830535
26.220928054246546
-3.527255883322107
-2.699931173817147
6.677621725628287
-5.159205170356467
7.62122202557681
9.935920304411416
-9.22057925417914
16.22122114514441
0.6513079650619851
-2.1367218678175015
7.024613669617833
-17.430879904499594
-21.332994879856823
27.67842392611909
0.6021654256915009
0.6238331380559238
0.2855855561303914
0.622556967532015
0.293555572296433
0.9589648176738705
0.9601991287755726
0.5852953296215396
-7.452893320471438
19.715988460727583
-7.556679129604967
8.876052073227024
2.518714983751078
-17.42021504639847
-2.316959107177864
5.590001596994671
-3.578733986812286
-5.863231479717432
0.569099044243933
-6.345876201167527
-10.440396975806662
-15.462036705021196
1.21378272580882
-0.12049396002324697
-7.310868462686028
11.782255256678203
0.614709487714459
7.5283810710247066
4.341226648936034
10.882223492003265
9.17667895287848
-0.9409781694630208
5.20396431031813
4.901098304128019
-10.419698582349394
0.4960208234466723
4.3254952546092005
-19.659570357216996
5.862107455626454
-0.396761452589371
-10.43544894912221
5.352107504129601
-7.714953771802066
8.52051517234714
0.20203321979205324
0.20451871618821837
13.657749694113795
-11.082835039050229
2.1179025488957075
3.6743436001724916
-14.120126117754372
-6.449795803241456
2.390881131346945
-6.794559627892828
-21.614274667786074
0.03674723110216327
-10.681718589325945
-16.387352429942734
-8.405614925224741
-6.538203918574324
-8.623814639092595
3.3956348532358374
-2.968046959470668
-2.522696815313975
5.776992912545487
5.6956580870093125
-6.893472713416759
8.954710950995919
-1.6462407800289771
6.263246522380109
-5.403270008659103
-0.28922186983501685
-7.230090560430361
16.046026414649493
13.686227950049565
6.1118898131815
-14.026598540548251
1.2616777434351398
-4.2385750321063425
6.139622115830043
-2.739875591912531
13.029876215726024
13.589463768575046
8.775105029846367
6.912418784026847
5.699102919288438
-6.671756726002923
-13.803901326956703
10.957569267365054
-6.031850115270021
-4.708738590773904
19.864655021330353
-8.34482302038742
0.8642640522358516
21.097199539622938
9.503491843805898
-0.7083543090468165
-8.750677353314469
7.066115834737231
-2.0284181776123615
-25.908076299793752
-3.354929338430546
-3.76050461624761
-2.5120912581487045
3.3433137277063536
0.6168733546058385
6.40160161521273
-6.340613301432784
9.341600716951715
6.217026412761933
-3.2438763301187343
-12.68379105200969
4.613810600510907
2.707439905753185
8.842810260607406
-6.416447084062239
-4.7816435400129285
-4.052440962876928
13.705071827667469
3.011529862350181
21.79050225184842
-17.54265735562942
-5.465347168126214
5.079958436314391
1.0001216450617951
-15.113897137609099
-5.46164900987885
1.8233716310636687
5.543310128285159
10.425782070067962
-4.426719097941539
-0.6437548161246862
-16.26856025214263
-2.1683717127720312
-3.285836568786388
-2.7471350707870523
3.8104031979047206
-6.6221653938041145
-10.205221861105857
9.67482247296738
-5.126615527386017
-3.847292067595994
-4.231279114400379
-0.9742162918103852
16.50206846824927
-9.404771310668803
-13.987258488432312
-25.221876726803128
16.104013768721178
14.012285626798471
-14.473874885039907
-7.83715499971652
1.901721019058582
7.644480598030506
15.053961285519806
7.2252916840651435
10.47379945402798
-14.034648812738475
6.139417676993161
0.32967109643767367
1.5006289077526436
14.466683097592476
15.596527406842116
14.508705686019661
-0.1967826108769093
-4.5282453792428745
-5.3922855477053515
-5.836641547015904
5.939363558210048
1.3179416414240994
6.055684605360427
6.43459654263959
5.541455242859581
6.6264146215961555
-2.0785069265199994
-11.908465977192611
-5.43239984479314
3.2927202415336727
-1.7265941237216287
0.9847009675928439
-15.717890336229905
5.8509896537988135
-12.169494003413849
1.9963444601807598
-1.9950947375230195
11.748571947838
12.882909056235604
2.6464413370067756
-14.015689074556681
2.730095428802959
4.311496174182866
-11.278870027137538
-1.6348403941178136
8.736458940717815
6.187847359996911
10.504129042113371
-1.6879936624921807
-14.303466216727827
-6.421703405484188
1.398352151326531
-11.02340360317607
-8.795540409950844
-7.040885976928706
0.8161171583020979
-16.580327750185926
-2.34622826414524
9.065959759653538
-9.345964348817208
10.627997479389647
-12.308816438344818
6.546587041062559
4.645292669713892
-14.075894016319296
0.09100235674006463
-2.9764617129600635
-4.382650784345823
14.860239808199426
-3.8150070767021207
-8.696256450239181
15.594395395531818
-13.699515953394087
0.6522644521112984
6.568013332214373
-15.862242550743014
7.013076491480766
3.841684767749085
-13.464662570758742
9.378609852139336
16.039631306369504
1.7050367370406674
-16.991856007941156
17.640861881523694
-5.008473449529887
11.285043762487552
-5.36667038134281
3.0753644001620395
-4.514124996899658
10.985152524382466
-15.545175373567412
3.5801666169834503
12.501811951839384
10.702339663352033
-6.435952772094875
19.76575958936294
-2.989080385803064
4.932447964783244
7.876147974879559
-12.58171531138033
0.6665113254425505
-7.813385087518758
6.114850060601477
-13.281732616042492
-7.747217511162552
13.248820581364553
2.557668422757647
0.2773072231094793
14.1568491177038
0.7705658279071823
18.032784593198013
-6.387220226220925
-3.1208080557597557
0.496234571946333
-8.255918450402385
-2.4491593141169408
-9.22357217382361
-2.432969275643726
0.3557483126741494
6.051000688423877
-10.465729706249592
0.1062160983640652
-3.4150834753971844
-10.232142082438534
2.007884406118402
-10.540272772111745
-2.49341997297621
14.644777505275156
-1.1848589419236772
-1.9849445331939448
-5.156682320680024
5.141275842741291
9.879130074439958
-18.212720380923297
3.2606793742615956
-12.165345427356401
6.519789761618555
12.55275767064339
-19.407335178897196
-21.56720606552332
-9.629784246700689
-10.876562514976426
-7.432031410209592
3.7591317407471783
-28.44138723940293
1.1973946509181808
23.32942958640102
-5.652100121783331
-19.173098121676336
11.625199208926633
14.083462367819363
-7.842313197709307
0.48913245881210177
4.940610867502784
12.450240806447754
-3.559600546216026
1.6809730026194067
-7.02088541097155
12.567083450771344
18.6860259778441
-12.812356878983662
4.472532887896988
1.3309153185426137
-5.817187861633298
-11.042521433513416
-3.679886300908842
-5.7279851242151
3.6411522069007742
10.197277181348134
10.14706590624397
-11.583496800799479
-5.724199384290938
-14.79082715498875
-3.3348023377863196
-2.9058196692974883
1.6130254111344642
8.811289963805335
-12.210080462635338
-11.351250042953447
-18.28581937716184
-1.316154895233936
5.484579989922447
0.3959223781496575
-7.9725364396942
-9.53667741587355
-1.0718579339731216
-29.53689457005
4.6311368608368095
-8.453735479647767
4.829386684541547
-6.990088183793058
13.671000144544104
10.761641611205997
-3.671623807915435
-5.0047832388797415
-8.98072098520983
11.963834897730152
-0.5032826639698573
11.465944833283698
-3.0025989206635444
14.107141831189404
9.196096013387775
7.056879271742308
5.1693823980143145
-0.634060179518876
-5.900136866851901
1.7021884302436776
5.715379493461027
-1.9495841151674826
-5.386287993264891
2.919595741786758
9.894186707756402
-4.012204969678565
10.732397055424832
-7.42345495034268
-1.195736613600324
-15.140157390543232
7.593251832450968
3.3206078438855315
-5.745564096460924
-3.333774015140945
9.456878918940378
-15.023671928864927
-3.533167558974644
-0.41740427663871316
18.451926333085435
-13.799421629248927
-5.136468082984536
1.0104457416339496
3.0413120887531493
7.214431776524511
5.339066294158692
10.370673531207744
-6.065746660335786
-1.4558389371730456
3.771402952166444
1.6099696059176942
8.774498065395745
17.71659022406457
8.841884905961814
9.57332162313421
11.109318956940372
4.310070009560862
-20.67121097203628
1.1438386017551765
-3.4562588619134034
10.090357513265173
10.94178928770762
-12.167845694802756
3.9742245950007904
15.645735268192338
-4.202753895144148
9.401630866515957
3.3663561196011407
6.428215782969525
5.861002343665594
1.95357165929563
2.0354669525509164
-8.516844056716236
10.865240359714624
-9.778658832057845
-4.214904941566664
-1.6954633715218175
3.0356416357905434
-3.240575797640892
-0.7889723913904414
-9.422453271353136
7.371242525375394
17.560954971279966
-11.388482636360427
-1.5062755930138256
8.554327304093567
4.188014647947136
-8.467170276437864
16.63204538051848
1.220265306396052
19.17769606633463
19.72114058368639
19.614791687658705
5.512158254428615
-10.4718429695258
6.867475089491086
1.4797661017251553
4.426079412956583
3.0356372070541853
-1.8150065757829794
5.707294659864291
5.846860581627353
-8.070840567426563
-3.639197907353149
-0.8735999862443549
1.4379228575183738
4.204846515853798
2.640163464496196
-20.20660280121609
-13.968214190810597
-6.82297505753855
-7.499341862141184
4.149043179305381
4.6004404245646215
6.564920169070718
-3.465622013972102
-2.395193284999124
2.4670216769521685
-6.193818207782227
0.1808401848304806
-10.646395211266972
-10.27073554227986
7.349068868196913
8.500281282904949
-2.0916565942543692
9.449588557345146
4.358801633174299
-4.734213051378718
0.7939574160286667
-3.960821093151575
-2.1954706568152975
-12.043339467958926
-5.4856536445981865
-5.82436521161
-3.4593659391972564
-1.8737020585699677
-6.094254787143712
10.458219617873477
11.501637323056103
-6.869426799516305
3.4151144511188383
-9.758233413129998
4.747751858766689
-26.529693082511823
-1.072357982121484
9.920574232977726
-9.271269962150411
2.7295180649220314
-22.217410102576114
10.686230148903709
-0.6686556886390012
-8.649203006665886
0.15336733251518986
12.697671264784148
3.092930372830394
1.5078876375072028
-7.585810026286809
-4.031574013954381
-7.539675982563487
10.196012850941852
12.83451043521187
12.432917963653606
-7.852755225716678
-7.006105773915611
-7.741783500611853
2.142521667939087
5.571141717719136
-3.443238200860125
10.129091293375216
16.052507208179104
1.6531054973363113
-6.98751782075584
-4.469067672460693
14.231832686515494
4.67950852735929
9.159337490081041
3.3631009566892307
7.3869696993764835
10.423264272543086
0.987447461171163
6.674182446691078
6.954003376931738
6.567803827578888
2.8909228355561036
0.5891315976107387
-3.949812237436346