25, 16644
46, 16636
82, 16612
162, 16620
194, 16628
223, 16604
242, 16652
257, 21436
258, 17556
259, 21644
260, 20836
261, 20932
262, 22164
263, 21860
264, 22044
265, 21948
266, 22028
267, 18948
268, 20612
269, 21084
270, 20820
271, 19884
272, 21572
273, 21996
274, 21836
275, 22068
276, 21724
277, 21612
278, 22212
279, 21756
280, 21228
281, 22180
282, 17324
283, 19572
284, 20756
285, 21812
286, 21916
287, 21588
288, 17940
289, 21980
290, 21580
291, 20436
292, 21604
293, 21252
294, 22004
295, 21404
296, 21924
297, 21820
298, 17564
299, 22204
300, 21732
301, 18412
302, 20452
303, 22220
304, 20668
305, 22244
306, 20868
307, 20876
308, 20364
309, 19948
310, 20284
311, 21076
312, 20964
313, 21260
314, 21620
315, 20516
316, 18508
317, 21908
318, 21884
319, 22156
320, 21956
321, 21844
322, 22140
323, 20924
324, 20260
325, 21740
326, 19812
327, 20564
328, 22084
329, 20692
330, 21348
331, 21244
332, 19748
333, 21500
334, 21444
335, 22172
336, 21540
337, 18180
338, 18052
339, 21044
340, 21012
341, 16940
342, 20860
343, 17484
344, 21676
345, 18292
346, 18436
347, 19484
348, 16868
349, 20420
350, 21700
351, 21628
352, 21900
353, 20412
354, 22092
355, 21692
356, 20276
357, 20044
358, 21340
359, 21492
360, 20028
361, 21548
362, 22020
363, 18164
364, 20708
365, 20012
366, 21964
367, 21196
368, 21212
369, 20236
370, 21164
371, 18996
372, 22076
373, 21868
374, 21108
375, 21324
376, 21796
377, 22052
378, 21652
379, 21476
380, 20748
381, 20132
382, 19764
383, 21516
384, 21892
385, 22124
386, 21468
387, 20100
388, 20892
389, 21940
390, 20220
391, 18908
392, 22148
393, 18188
394, 20940
395, 20060
396, 22036
397, 21180
398, 20660
399, 20540
400, 22100
401, 21852
402, 21636
403, 21300
404, 21060
405, 20492
406, 21780
407, 20316
408, 21396
409, 20332
410, 22196
411, 19060
412, 22228
413, 20596
414, 20252
415, 21452
416, 21204
417, 18820
418, 22236
419, 21052
420, 22116
421, 21372
422, 19644
423, 20700
424, 19316
425, 21388
426, 20972
427, 18340
428, 21460
429, 20580
430, 21564
431, 21556
432, 21428
433, 21932
434, 20788
435, 21988
436, 20532
437, 18156
438, 18892
439, 21532
440, 19052
441, 20204
442, 18236
443, 21764
444, 17772
445, 20724
446, 20572
447, 20356
448, 20956
449, 21148
450, 20732
451, 19220
452, 21508
453, 21172
454, 19628
455, 22060
457, 21788
1057, 23692
1059, 23612
1061, 23300
1064, 23556
1065, 23020
1066, 23228
1067, 23044
1069, 22692
1074, 23436
1076, 22676
1077, 22340
1078, 22356
1081, 22932
1082, 23716
1084, 23452
1086, 22924
1088, 22868
1089, 23540
1090, 22756
1092, 22628
1093, 22748
1097, 23660
1098, 23796
1100, 22724
1102, 23100
1103, 22468
1104, 23252
1105, 22652
1108, 23668
1116, 23236
1119, 23820
1120, 22964
1121, 22988
1122, 23276
1124, 22556
1126, 23324
1127, 23484
1128, 22804
1132, 23804
1134, 23620
1136, 22860
1137, 23836
1138, 22428
1139, 22996
1141, 23084
1142, 23580
1144, 23372
1146, 23828
1147, 23292
1149, 23244
1150, 22476
1153, 23260
1156, 23068
1157, 23148
1161, 22268
1162, 22300
1164, 22524
1165, 23108
1166, 23812
1168, 23548
1172, 23516
1173, 22684
1174, 22788
1175, 22444
1176, 23060
1178, 23420
1179, 22956
1180, 22916
1181, 23652
1183, 22972
1187, 23700
1188, 23036
1189, 23348
1190, 23028
1192, 22940
1193, 23788
1194, 23396
1195, 22796
1198, 22812
1199, 22980
1200, 23124
1201, 23132
1203, 23508
1205, 22564
1207, 22636
1210, 23636
1211, 23164
1212, 23532
1214, 23364
1215, 22364
1217, 23204
1219, 23380
1220, 22884
1221, 22836
1222, 23332
1225, 23764
1226, 22588
1227, 22380
1229, 22620
1234, 22372
1235, 23732
1236, 23524
1237, 23196
1239, 22612
1244, 22892
1245, 23180
1246, 23004
1247, 22900
1248, 23756
1251, 23492
1252, 22540
1253, 23564
1254, 22452
1255, 23708
1260, 22332
1263, 23388
1264, 23404
1266, 23340
1267, 23748
1269, 23468
1271, 22660
1273, 23684
1274, 23356
1283, 23572
1286, 22764
1288, 22948
1290, 23116
1292, 22700
1293, 23740
1296, 23780
1298, 23628
1299, 23500
1307, 23772
1308, 23476
1310, 22308
1313, 71772
1314, 71620
1315, 71036
1316, 70724
1317, 71716
1318, 71644
1319, 70380
1320, 71068
1321, 70860
1322, 69012
1323, 70844
1324, 71156
1325, 71476
1326, 70316
1327, 71604
1328, 70804
1329, 71324
1330, 70660
1331, 68372
1332, 71596
1333, 68668
1334, 68612
1335, 71836
1336, 68644
1337, 70084
1338, 68660
1339, 61092
1340, 71196
1341, 68524
1342, 71812
1343, 68756
1344, 68868
1345, 69948
1346, 66708
1347, 70732
1348, 69420
1349, 64588
1350, 70460
1351, 71684
1352, 71732
1353, 63900
1354, 70220
1355, 71748
1356, 70892
1357, 68324
1358, 70868
1359, 70028
1360, 67924
1361, 65428
1362, 71388
1363, 70908
1364, 66276
1365, 71316
1366, 71356
1367, 71580
1368, 69660
1369, 71252
1370, 71140
1371, 71612
1372, 69980
1373, 70412
1374, 71556
1375, 69828
1376, 70548
1377, 68388
1378, 71244
1379, 69972
1380, 71188
1381, 70260
1382, 71756
1383, 71452
1384, 69148
1385, 70508
1386, 70692
1387, 71044
1388, 67236
1389, 70980
1390, 71124
1391, 71796
1392, 68476
1393, 71508
1394, 70700
1395, 70212
1396, 71100
1397, 70996
1398, 71788
1399, 71332
1400, 71636
1401, 71348
1402, 71820
1403, 66972
1404, 71852
1405, 70876
1406, 71516
1407, 70476
1408, 69260
1409, 71860
1410, 69612
1411, 71172
1412, 71532
1413, 70148
1414, 71764
1415, 70564
1416, 68020
1417, 69908
1418, 69020
1419, 70628
1420, 71284
1421, 69444
1422, 68772
1423, 69916
1424, 71564
1425, 70988
1426, 69580
1427, 71420
1428, 68860
1429, 71148
1430, 70772
1431, 71740
1432, 69540
1433, 70796
1434, 71092
1435, 70132
1436, 70428
1437, 71340
1438, 69788
1439, 71396
1440, 71468
1441, 68244
1442, 70100
1443, 66204
1444, 70076
1445, 71692
1446, 71700
1447, 71052
1448, 70388
1449, 71828
1450, 70188
1451, 69348
1452, 68316
1453, 71548
1454, 71204
1455, 69532
1456, 71524
1457, 70540
1458, 71708
1459, 71180
1460, 71660
1461, 71020
1462, 69884
1463, 71028
1464, 71676
1465, 70196
1466, 71572
1467, 70836
1468, 71228
1469, 69476
1470, 71652
1471, 71460
1472, 70948
1473, 71364
1474, 69676
1475, 71484
1476, 68236
1477, 70820
1478, 71428
1479, 70020
1480, 71492
1481, 69772
1482, 67732
1483, 70340
1484, 69332
1485, 71868
1486, 71588
1487, 71292
1488, 71268
1489, 71844
1490, 71260
1491, 70292
1492, 68396
1493, 67196
1494, 70308
1495, 70500
1496, 69092
1497, 68484
1498, 71132
1499, 71004
1500, 68436
1501, 70228
1502, 71444
1503, 71780
1504, 71540
1505, 70780
1506, 70756
1507, 67260
1508, 68300
1509, 71804
1510, 67052
1511, 70044
1513, 71436
8175, 119900
8176, 119868
8177, 119884
8178, 119804
8179, 119876
8180, 119764
8181, 119860
8182, 119836
8183, 119668
8184, 119780
15037, 119916
15041, 119908
15046, 119964
15047, 119932
15050, 119940
15051, 119924
15053, 119956
15059, 119948
15060, 119972
15295, 119996
15303, 120100
15324, 119980
15327, 120068
15353, 120044
15354, 120020
15374, 120004
15385, 120140
15389, 120164
15395, 120148
15409, 120108
15413, 120092
15415, 119972
15419, 120060
15451, 120124
15452, 120156
15461, 120036
15486, 120012
15499, 120028
15501, 120076
15528, 120132
15530, 120052
15543, 120084
15546, 120116
15549, 120180
15553, 120172
15558, 120228
15559, 120196
15562, 120204
15563, 120188
15565, 120220
15571, 120212
15572, 120236
16644, 7717, 5, 0
16636, 7698, 4, 0
16612, 2114, 1, 0
16620, 7323, 2, 0
16628, 7419, 3, 0
16604, 2000, 0, 0
16652, 8141, 6, 0
21436, 1, 598, 19780
19780, 1, 391, 0
17556, 2, 113, 17028
17028, 2, 47, 0
21644, 3, 624, 17044
17044, 3, 49, 0
20836, 4, 523, 16756
16756, 4, 13, 0
20932, 5, 535, 17252
17252, 5, 75, 0
22164, 6, 689, 17148
17148, 6, 62, 0
21860, 7, 651, 17124
17124, 7, 59, 0
22044, 8, 674, 21236
21236, 8, 573, 0
21948, 9, 662, 17876
17876, 9, 153, 0
22028, 10, 672, 18684
18684, 10, 254, 0
18948, 11, 287, 17372
17372, 11, 90, 0
20612, 12, 495, 20004
20004, 12, 419, 0
21084, 13, 554, 18060
18060, 13, 176, 0
20820, 14, 521, 17660
17660, 14, 126, 0
19884, 15, 404, 17092
17092, 15, 55, 0
21572, 16, 615, 17548
17548, 16, 112, 0
21996, 17, 668, 18196
18196, 17, 193, 0
21836, 18, 648, 18220
18220, 18, 196, 0
22068, 19, 677, 18460
18460, 19, 226, 0
21724, 20, 634, 18404
18404, 20, 219, 0
21612, 21, 620, 17380
17380, 21, 91, 0
22212, 22, 695, 18004
18004, 22, 169, 0
21756, 23, 638, 19100
19100, 23, 306, 0
21228, 24, 572, 17716
17716, 24, 133, 0
22180, 25, 691, 17524
17524, 25, 109, 0
17324, 26, 84, 16708
16708, 26, 7, 0
19572, 27, 365, 17780
17780, 27, 141, 0
20756, 28, 513, 17596
17596, 28, 118, 0
21812, 29, 645, 17068
17068, 29, 52, 0
21916, 30, 658, 19236
19236, 30, 323, 0
21588, 31, 617, 17692
17692, 31, 130, 0
17940, 32, 161, 17932
17932, 32, 160, 0
21980, 33, 666, 21804
21804, 33, 644, 0
21580, 34, 616, 19980
19980, 34, 416, 0
20436, 35, 473, 19908
19908, 35, 407, 0
21604, 36, 619, 20716
20716, 36, 508, 0
21252, 37, 575, 17756
17756, 37, 138, 0
22004, 38, 669, 18836
18836, 38, 273, 0
21404, 39, 594, 18964
18964, 39, 289, 0
21924, 40, 659, 16764
16764, 40, 14, 0
21820, 41, 646, 19500
19500, 41, 356, 0
17564, 42, 114, 16796
16796, 42, 18, 0
22204, 43, 694, 16748
16748, 43, 12, 0
21732, 44, 635, 19212
19212, 44, 320, 0
18412, 45, 220, 17308
17308, 45, 82, 0
20452, 46, 475, 18884
18884, 46, 279, 0
22220, 47, 696, 16780
16780, 47, 16, 0
20668, 48, 502, 19620
19620, 48, 371, 0
22244, 49, 699, 16924
16924, 49, 34, 0
20868, 50, 527, 20148
20148, 50, 437, 0
20876, 51, 528, 16788
16788, 51, 17, 0
20364, 52, 464, 17476
17476, 52, 103, 0
19948, 53, 412, 18628
18628, 53, 247, 0
20284, 54, 454, 16652
16652, 54, 0, 0
21076, 55, 553, 19876
19876, 55, 403, 0
20964, 56, 539, 17108
17108, 56, 57, 0
21260, 57, 576, 17468
17468, 57, 102, 0
21620, 58, 621, 17076
17076, 58, 53, 0
20516, 59, 483, 16996
16996, 59, 43, 0
18508, 60, 232, 17604
17604, 60, 119, 0
21908, 61, 657, 18148
18148, 61, 187, 0
21884, 62, 654, 16836
16836, 62, 23, 0
22156, 63, 688, 18268
18268, 63, 202, 0
21956, 64, 663, 17212
17212, 64, 70, 0
21844, 65, 649, 20948
20948, 65, 537, 0
22140, 66, 686, 16660
16660, 66, 1, 0
20924, 67, 534, 17580
17580, 67, 116, 0
20260, 68, 451, 17132
17132, 68, 60, 0
21740, 69, 636, 17708
17708, 69, 132, 0
19812, 70, 395, 19268
19268, 70, 327, 0
20564, 71, 489, 16716
16716, 71, 8, 0
22084, 72, 679, 17508
17508, 72, 107, 0
20692, 73, 505, 17332
17332, 73, 85, 0
21348, 74, 587, 16956
16956, 74, 38, 0
21244, 75, 574, 17236
17236, 75, 73, 0
19748, 76, 387, 18084
18084, 76, 179, 0
21500, 77, 606, 19756
19756, 77, 388, 0
21444, 78, 599, 17868
17868, 78, 152, 0
22172, 79, 690, 17300
17300, 79, 81, 0
21540, 80, 611, 18716
18716, 80, 258, 0
18180, 81, 191, 0
18052, 82, 175, 0
21044, 83, 549, 0
21012, 84, 545, 0
16940, 85, 36, 0
20860, 86, 526, 0
17484, 87, 104, 0
21676, 88, 628, 0
18292, 89, 205, 0
18436, 90, 223, 0
19484, 91, 354, 17316
17316, 91, 83, 0
16868, 92, 27, 16668
16668, 92, 2, 0
20420, 93, 471, 17444
17444, 93, 99, 0
21700, 94, 631, 18252
18252, 94, 200, 0
21628, 95, 622, 19324
19324, 95, 334, 0
21900, 96, 656, 17588
17588, 96, 117, 0
20412, 97, 470, 17156
17156, 97, 63, 0
22092, 98, 680, 18308
18308, 98, 207, 0
21692, 99, 630, 18724
18724, 99, 259, 0
20276, 100, 453, 17260
17260, 100, 76, 0
20044, 101, 424, 16908
16908, 101, 32, 0
21340, 102, 586, 17276
17276, 102, 78, 0
21492, 103, 605, 18372
18372, 103, 215, 0
20028, 104, 422, 19396
19396, 104, 343, 0
21548, 105, 612, 18708
18708, 105, 257, 0
22020, 106, 671, 20524
20524, 106, 484, 0
18164, 107, 189, 17172
17172, 107, 65, 0
20708, 108, 507, 16700
16700, 108, 6, 0
20012, 109, 420, 18108
18108, 109, 182, 0
21964, 110, 664, 17900
17900, 110, 156, 0
21196, 111, 568, 16740
16740, 111, 11, 0
21212, 112, 570, 16676
16676, 112, 3, 0
20236, 113, 448, 16844
16844, 113, 24, 0
21164, 114, 564, 18020
18020, 114, 171, 0
18996, 115, 293, 17492
17492, 115, 105, 0
22076, 116, 678, 18932
18932, 116, 285, 0
21868, 117, 652, 16852
16852, 117, 25, 0
21108, 118, 557, 17964
17964, 118, 164, 0
21324, 119, 584, 18076
18076, 119, 178, 0
21796, 120, 643, 19804
19804, 120, 394, 0
22052, 121, 675, 16684
16684, 121, 4, 0
21652, 122, 625, 18636
18636, 122, 248, 0
21476, 123, 603, 17412
17412, 123, 95, 0
20748, 124, 512, 16892
16892, 124, 30, 0
20132, 125, 435, 18316
18316, 125, 208, 0
19764, 126, 389, 17428
17428, 126, 97, 0
21516, 127, 608, 19972
19972, 127, 415, 0
21892, 129, 655, 18700
18700, 129, 256, 0
22124, 128, 684, 16932
16932, 128, 35, 0
21468, 131, 602, 19892
19892, 131, 405, 0
20100, 130, 431, 16972
16972, 130, 40, 0
20892, 133, 530, 20508
20508, 133, 482, 0
21940, 132, 661, 21356
21356, 132, 588, 0
20220, 135, 446, 16988
16988, 135, 42, 0
18908, 134, 282, 18348
18348, 134, 212, 0
22148, 137, 687, 17820
17820, 137, 146, 0
18188, 136, 192, 16860
16860, 136, 26, 0
20940, 139, 536, 18124
18124, 139, 184, 0
20060, 138, 426, 17060
17060, 138, 51, 0
22036, 141, 673, 17812
17812, 141, 145, 0
21180, 140, 566, 19868
19868, 140, 402, 0
20660, 143, 501, 17196
17196, 143, 68, 0
20540, 142, 486, 16948
16948, 142, 37, 0
22100, 145, 681, 16884
16884, 145, 29, 0
21852, 144, 650, 18492
18492, 144, 230, 0
21636, 147, 623, 19036
19036, 147, 298, 0
21300, 146, 581, 17244
17244, 146, 74, 0
21060, 149, 551, 18676
18676, 149, 253, 0
20492, 148, 480, 18916
18916, 148, 283, 0
21780, 151, 641, 19284
19284, 151, 329, 0
20316, 150, 458, 17164
17164, 150, 64, 0
21396, 153, 593, 18132
18132, 153, 185, 0
20332, 152, 460, 17180
17180, 152, 66, 0
22196, 155, 693, 17764
17764, 155, 139, 0
19060, 154, 301, 16692
16692, 154, 5, 0
22228, 157, 697, 18796
18796, 157, 268, 0
20596, 156, 493, 18332
18332, 156, 210, 0
20252, 159, 450, 16900
16900, 159, 31, 0
21452, 158, 600, 19244
19244, 158, 324, 0
21204, 161, 569, 18900
18900, 161, 281, 0
18820, 160, 271, 16804
16804, 160, 19, 0
22236, 163, 698, 18380
18380, 163, 216, 0
21052, 162, 550, 16724
16724, 162, 9, 0
22116, 165, 683, 17892
17892, 165, 155, 0
21372, 164, 590, 19740
19740, 164, 386, 0
19644, 167, 374, 18580
18580, 167, 241, 0
20700, 166, 506, 17348
17348, 166, 87, 0
19316, 169, 333, 17612
17612, 169, 120, 0
21388, 168, 592, 16964
16964, 168, 39, 0
20972, 171, 540, 16876
16876, 171, 28, 0
18340, 170, 211, 17204
17204, 170, 69, 0
21460, 173, 601, 18980
18980, 173, 291, 0
20580, 172, 491, 19108
19108, 172, 307, 0
21564, 175, 614, 17516
17516, 175, 108, 0
21556, 174, 613, 17116
17116, 174, 58, 0
21428, 177, 597, 17948
17948, 177, 162, 0
21932, 176, 660, 19140
19140, 176, 311, 0
20788, 179, 517, 18844
18844, 179, 274, 0
21988, 178, 667, 18612
18612, 178, 245, 0
20532, 181, 485, 0
18156, 180, 188, 17012
17012, 180, 45, 0
18892, 183, 280, 0
21532, 182, 610, 0
19052, 185, 300, 0
20204, 184, 444, 0
18236, 187, 198, 0
21764, 186, 639, 0
17772, 189, 140, 0
20724, 188, 509, 0
20572, 191, 490, 17652
17652, 191, 125, 0
20356, 190, 463, 0
20956, 193, 538, 16732
16732, 193, 10, 0
21148, 192, 562, 18812
18812, 192, 270, 0
20732, 195, 510, 19180
19180, 195, 316, 0
19220, 194, 321, 17884
17884, 194, 154, 0
21508, 197, 607, 17100
17100, 197, 56, 0
21172, 196, 565, 17188
17188, 196, 67, 0
19628, 199, 372, 17084
17084, 199, 54, 0
22060, 198, 676, 16916
16916, 198, 33, 0
21788, 200, 642, 18036
18036, 200, 173, 0
23692, beige cyan burlywood chiffon light, 181, 0
23612, medium goldenrod linen sky coral, 171, 0
23300, firebrick black dodger pink salmon, 132, 23284
23284, tomato moccasin cyan brown goldenrod, 130, 0
23556, white dim cornflower sky seashell, 164, 0
23020, frosted peru chiffon yellow aquamarine, 97, 0
23228, wheat blush forest metallic navajo, 123, 22708
22708, misty brown medium mint salmon, 58, 0
23044, powder deep lavender violet gainsboro, 100, 0
22692, purple blue light sienna deep, 56, 0
23436, pale rose navajo firebrick aquamarine, 149, 23268
23268, grey spring chiffon thistle lime, 128, 0
22676, sky cream deep tomato rosy, 54, 0
22340, ghost olive orange rosy thistle, 12, 0
22356, blanched honeydew sky turquoise medium, 14, 0
22932, purple lace seashell antique orange, 86, 0
23716, firebrick black ivory spring medium, 184, 22732
22732, tan cornsilk spring grey chocolate, 61, 0
23452, white sky antique tomato chartreuse, 151, 0
22924, green blanched firebrick dim cream, 85, 0
22868, gainsboro pink grey tan almond, 78, 0
23540, blush metallic maroon lawn forest, 162, 22252
22252, blush thistle blue yellow saddle, 1, 0
22756, slate drab medium puff gainsboro, 64, 0
22628, light firebrick cyan puff blue, 48, 22316
22316, linen pink saddle puff powder, 9, 0
22748, aquamarine coral lemon ivory gainsboro, 63, 0
23660, lace blanched magenta yellow almond, 177, 23156
23156, spring chiffon cream orchid dodger, 114, 0
23796, bisque sienna hot goldenrod khaki, 194, 0
22724, light tan linen tomato peach, 60, 0
23100, bisque peach magenta tomato yellow, 107, 22396
22396, ivory navy honeydew sandy midnight, 19, 0
22468, lemon sky grey salmon orchid, 28, 0
23252, royal coral orchid spring sky, 126, 0
22652, lemon midnight lace sky deep, 51, 0
23668, deep puff brown blue burlywood, 178, 0
23236, mint ivory saddle peach midnight, 124, 22292
22292, moccasin green thistle khaki floral, 6, 0
23820, orange cornflower indian aquamarine white, 197, 23012
23012, coral dodger beige black chartreuse, 96, 0
22964, misty bisque lavender spring turquoise, 90, 0
22988, blanched pink frosted mint snow, 93, 0
23276, gainsboro powder cyan pale rosy, 129, 22596
22596, lawn peru ghost khaki maroon, 44, 0
22556, lemon midnight metallic sienna steel, 39, 0
23324, cornsilk maroon blanched thistle rosy, 135, 23220
23220, deep dim peach light beige, 122, 0
23484, almond ghost powder blush forest, 155, 23428
23428, tan thistle frosted indian lawn, 148, 0
22804, violet firebrick cream peru white, 70, 0
23804, pale peru linen hot maroon, 195, 22420
22420, coral lavender seashell rosy burlywood, 22, 0
23620, chartreuse seashell powder navy grey, 172, 0
22860, blush forest slate seashell puff, 77, 0
23836, peach cornsilk navy rosy red, 199, 0
22428, seashell coral metallic midnight floral, 23, 0
22996, dodger beige wheat orchid navy, 94, 22276
22276, forest brown coral puff cream, 4, 0
23084, cornsilk bisque seashell lemon frosted, 105, 0
23580, lace gainsboro burlywood smoke tomato, 167, 22412
22412, medium forest blue ghost black, 21, 0
23372, chartreuse linen grey slate saddle, 141, 22508
22508, khaki steel rose ghost salmon, 33, 0
23828, ivory slate lavender tan royal, 198, 22716
22716, snow spring sandy olive tomato, 59, 0
23292, seashell papaya tomato lime hot, 131, 22668
22668, blanched mint yellow papaya cyan, 53, 0
23244, burnished black blue metallic orchid, 125, 0
22476, cream misty steel spring medium, 29, 0
23260, dark burlywood burnished snow sky, 127, 22852
22852, mint bisque chiffon snow firebrick, 76, 0
23068, plum cyan cornflower midnight royal, 103, 22532
22532, royal coral orange burnished navajo, 36, 0
23148, pink black blanched lace chartreuse, 113, 22260
22260, spring green yellow purple cornsilk, 2, 0
22268, cornflower chocolate smoke green pink, 3, 0
22300, misty lace thistle snow royal, 7, 0
22524, chiffon tan forest moccasin dark, 35, 0
23108, lemon black indian cornflower pale, 108, 0
23812, lawn lemon khaki rosy blue, 196, 23644
23644, pink drab ivory papaya grey, 175, 0
23548, orange cyan magenta navajo indian, 163, 0
23516, frosted cornflower khaki salmon metallic, 159, 23188
23188, olive metallic slate peach green, 118, 0
22684, antique beige brown deep dodger, 55, 0
22788, lace burnished rosy antique metallic, 68, 22644
22644, lime frosted indian dodger linen, 50, 0
22444, beige frosted moccasin chocolate snow, 25, 0
23060, navy sky spring orchid forest, 102, 0
23420, yellow white ghost lavender salmon, 147, 0
22956, hot rosy violet plum pale, 89, 0
22916, dim deep aquamarine smoke pale, 84, 0
23652, indian turquoise purple green spring, 176, 23444
23444, chartreuse linen violet ghost thistle, 150, 0
22972, blush magenta ghost tomato rose, 91, 0
23700, ivory white burnished papaya cornflower, 182, 0
23036, cyan orchid indian cornflower saddle, 99, 22324
22324, spring maroon seashell almond orchid, 10, 0
23348, floral steel burlywood navy cream, 138, 23052
23052, papaya maroon blush powder sky, 101, 0
23028, mint grey purple sienna metallic, 98, 22876
22876, tomato chartreuse coral turquoise linen, 79, 0
22940, lime orange bisque chartreuse lemon, 87, 22284
22284, bisque cornflower lawn forest magenta, 5, 0
23788, brown black cream navy plum, 193, 0
23396, navajo lavender chocolate deep hot, 144, 22516
22516, green blush tomato burlywood seashell, 34, 0
22796, violet seashell firebrick dark navajo, 69, 22772
22772, slate salmon rose spring seashell, 66, 0
22812, hot spring yellow azure dodger, 71, 0
22980, pale yellow cornsilk dodger moccasin, 92, 22844
22844, rosy light lime puff sandy, 75, 0
23124, orange cornflower mint snow peach, 110, 0
23132, hot aquamarine tomato lace indian, 111, 0
23508, white orange antique beige aquamarine, 158, 23212
23212, gainsboro royal forest dark lace, 121, 0
22564, burlywood goldenrod pink peru sienna, 40, 0
22636, linen blanched tomato slate medium, 49, 0
23636, magenta blue chartreuse tan green, 174, 0
23164, goldenrod black slate forest red, 115, 22388
22388, chocolate navy tan deep brown, 18, 0
23532, burlywood cornflower aquamarine misty snow, 161, 23076
23076, dodger slate pale mint navajo, 104, 0
23364, honeydew magenta tomato spring medium, 140, 23308
23308, steel beige mint maroon indian, 133, 0
22364, deep sky turquoise drab peach, 15, 0
23204, bisque royal goldenrod medium thistle, 120, 22908
22908, salmon floral cream rose dark, 83, 0
23380, bisque dodger blanched steel maroon, 142, 0
22884, misty sandy cornsilk dodger blush, 80, 0
22836, aquamarine maroon wheat salmon metallic, 74, 22492
22492, sandy wheat coral spring burnished, 31, 0
23332, cornsilk drab ghost sandy royal, 136, 22484
22484, slate seashell steel medium moccasin, 30, 0
23764, mint midnight puff forest peach, 190, 0
22588, saddle cream wheat lemon burnished, 43, 0
22380, turquoise indian lemon lavender misty, 17, 0
22620, slate thistle cornsilk pale forest, 47, 0
22372, indian navy coral pink deep, 16, 0
23732, white red lace deep pale, 186, 0
23524, metallic khaki navy forest cyan, 160, 0
23196, pink powder mint moccasin navajo, 119, 22604
22604, honeydew turquoise aquamarine spring tan, 45, 0
22612, honeydew red azure magenta brown, 46, 0
22892, khaki tomato purple almond tan, 81, 0
23180, ghost plum brown coral cornsilk, 117, 0
23004, chocolate light firebrick rose indian, 95, 22244
22244, goldenrod lavender spring chocolate lace, 0, 0
22900, blush green dim lawn peru, 82, 0
23756, chartreuse goldenrod midnight cornflower blush, 189, 0
23492, navajo linen coral brown forest, 156, 22348
22348, khaki seashell rose cornsilk navajo, 13, 0
22540, seashell papaya white mint brown, 37, 0
23564, linen bisque tomato gainsboro goldenrod, 165, 0
22452, saddle puff beige linen yellow, 26, 0
23708, ghost honeydew cyan lawn powder, 183, 0
22332, cornflower wheat orange maroon ghost, 11, 0
23388, hot midnight orchid dim steel, 143, 23092
23092, violet honeydew bisque sienna orchid, 106, 0
23404, azure smoke mint cream burlywood, 145, 22460
22460, navajo yellow drab white misty, 27, 0
23340, dark aquamarine tomato medium puff, 137, 22828
22828, frosted grey aquamarine thistle papaya, 73, 0
23748, dodger moccasin lemon purple thistle, 188, 0
23468, peru moccasin peach pale spring, 153, 22820
22820, cream moccasin royal dim chiffon, 72, 0
22660, bisque rose cornsilk seashell purple, 52, 0
23684, antique plum smoke pink dodger, 180, 0
23356, aquamarine lavender maroon slate hot, 139, 0
23572, almond floral grey dim sky, 166, 0
22764, cornflower pale almond lemon linen, 65, 22548
22548, rose medium floral salmon powder, 38, 0
22948, ghost lace lemon sienna saddle, 88, 0
23116, firebrick navy rose beige black, 109, 0
22700, linen hot cornsilk drab bisque, 57, 0
23740, moccasin steel rosy drab white, 187, 23588
23588, bisque misty sky cornflower peach, 168, 0
23780, turquoise lime royal metallic azure, 192, 0
23628, hot cornflower slate saddle pale, 173, 22572
22572, midnight turquoise lawn beige thistle, 41, 0
23500, magenta light misty navy honeydew, 157, 0
23772, thistle puff pink cream orange, 191, 22404
22404, lemon floral azure frosted lime, 20, 0
23476, puff yellow cyan tomato purple, 154, 0
22308, thistle dim navajo dark gainsboro, 8, 0
71772, 1, 5992, 24140
24140, 1, 38, 0
71620, 2, 5973, 24300
24300, 2, 58, 0
71036, 3, 5900, 23860
23860, 3, 3, 0
70724, 4, 5861, 25228
25228, 4, 174, 0
71716, 5, 5985, 23892
23892, 5, 7, 0
71644, 6, 5976, 26060
26060, 6, 278, 0
70380, 7, 5818, 28412
28412, 7, 572, 0
71068, 8, 5904, 24372
24372, 8, 67, 0
70860, 9, 5878, 26324
26324, 9, 311, 0
69012, 10, 5647, 25492
25492, 10, 207, 0
70844, 11, 5876, 24780
24780, 11, 118, 0
71156, 12, 5915, 24076
24076, 12, 30, 0
71476, 13, 5955, 24212
24212, 13, 47, 0
70316, 14, 5810, 27516
27516, 14, 460, 0
71604, 15, 5971, 25092
25092, 15, 157, 0
70804, 16, 5871, 23876
23876, 16, 5, 0
71324, 17, 5936, 26228
26228, 17, 299, 0
70660, 18, 5853, 25204
25204, 18, 171, 0
68372, 19, 5567, 24468
24468, 19, 79, 0
71596, 20, 5970, 23900
23900, 20, 8, 0
68668, 21, 5604, 24252
24252, 21, 52, 0
68612, 22, 5597, 24324
24324, 22, 61, 0
71836, 23, 6000, 24196
24196, 23, 45, 0
68644, 24, 5601, 26012
26012, 24, 272, 0
70084, 25, 5781, 23868
23868, 25, 4, 0
68660, 26, 5603, 27532
27532, 26, 462, 0
61092, 27, 4657, 27356
27356, 27, 440, 0
71196, 28, 5920, 27564
27564, 28, 466, 0
68524, 29, 5586, 24788
24788, 29, 119, 0
71812, 30, 5997, 23916
23916, 30, 10, 0
68756, 31, 5615, 24180
24180, 31, 43, 0
68868, 32, 5629, 24844
24844, 32, 126, 0
69948, 33, 5764, 27020
27020, 33, 398, 0
66708, 34, 5359, 24108
24108, 34, 34, 0
70732, 35, 5862, 24388
24388, 35, 69, 0
69420, 36, 5698, 25028
25028, 36, 149, 0
64588, 37, 5094, 25148
25148, 37, 164, 0
70460, 38, 5828, 23964
23964, 38, 16, 0
71684, 39, 5981, 24700
24700, 39, 108, 0
71732, 40, 5987, 24828
24828, 40, 124, 0
63900, 41, 5008, 24356
24356, 41, 65, 0
70220, 42, 5798, 25532
25532, 42, 212, 0
71748, 43, 5989, 26580
26580, 43, 343, 0
70892, 44, 5882, 26428
26428, 44, 324, 0
68324, 45, 5561, 24052
24052, 45, 27, 0
70868, 46, 5879, 24500
24500, 46, 83, 0
70028, 47, 5774, 24692
24692, 47, 107, 0
67924, 48, 5511, 27252
27252, 48, 427, 0
65428, 49, 5199, 27572
27572, 49, 467, 0
71388, 50, 5944, 24596
24596, 50, 95, 0
70908, 51, 5884, 25644
25644, 51, 226, 0
66276, 52, 5305, 31068
31068, 52, 904, 0
71316, 53, 5935, 27588
27588, 53, 469, 0
71356, 54, 5940, 24708
24708, 54, 109, 0
71580, 55, 5968, 24260
24260, 55, 53, 0
69660, 56, 5728, 24516
24516, 56, 85, 0
71252, 57, 5927, 25428
25428, 57, 199, 0
71140, 58, 5913, 31284
31284, 58, 931, 0
71612, 59, 5972, 25252
25252, 59, 177, 0
69980, 60, 5768, 24284
24284, 60, 56, 0
70412, 61, 5822, 24092
24092, 61, 32, 0
71556, 62, 5965, 24084
24084, 62, 31, 0
69828, 63, 5749, 23932
23932, 63, 12, 0
70548, 64, 5839, 23852
23852, 64, 2, 0
68388, 65, 5569, 24476
24476, 65, 80, 0
71244, 66, 5926, 24532
24532, 66, 87, 0
69972, 67, 5767, 28684
28684, 67, 606, 0
71188, 68, 5919, 23844
23844, 68, 1, 0
70260, 69, 5803, 26964
26964, 69, 391, 0
71756, 70, 5990, 24900
24900, 70, 133, 0
71452, 71, 5952, 27212
27212, 71, 422, 0
69148, 72, 5664, 27804
27804, 72, 496, 0
70508, 73, 5834, 27268
27268, 73, 429, 0
70692, 74, 5857, 24292
24292, 74, 57, 0
71044, 75, 5901, 27260
27260, 75, 428, 0
67236, 76, 5425, 27780
27780, 76, 493, 0
70980, 77, 5893, 27484
27484, 77, 456, 0
71124, 78, 5911, 24604
24604, 78, 96, 0
71796, 79, 5995, 25804
25804, 79, 246, 0
68476, 80, 5580, 24020
24020, 80, 23, 0
71508, 81, 5959, 28652
28652, 81, 602, 0
70700, 82, 5858, 27620
27620, 82, 473, 0
70212, 83, 5797, 24036
24036, 83, 25, 0
71100, 84, 5908, 25788
25788, 84, 244, 0
70996, 85, 5895, 25452
25452, 85, 202, 0
71788, 86, 5994, 24068
24068, 86, 29, 0
71332, 87, 5937, 25100
25100, 87, 158, 0
71636, 88, 5975, 24348
24348, 88, 64, 0
71348, 89, 5939, 23940
23940, 89, 13, 0
71820, 90, 5998, 24124
24124, 90, 36, 0
66972, 91, 5392, 28716
28716, 91, 610, 0
71852, 92, 6002, 25180
25180, 92, 168, 0
70876, 93, 5880, 24460
24460, 93, 78, 0
71516, 94, 5960, 25388
25388, 94, 194, 0
70476, 95, 5830, 23996
23996, 95, 20, 0
69260, 96, 5678, 26068
26068, 96, 279, 0
71860, 97, 6003, 24548
24548, 97, 89, 0
69612, 98, 5722, 25324
25324, 98, 186, 0
71172, 99, 5917, 25500
25500, 99, 208, 0
71532, 100, 5962, 25292
25292, 100, 182, 0
70148, 101, 5789, 27236
27236, 101, 425, 0
71764, 102, 5991, 25308
25308, 102, 184, 0
70564, 103, 5841, 24412
24412, 103, 72, 0
68020, 104, 5523, 24556
24556, 104, 90, 0
69908, 105, 5759, 24436
24436, 105, 75, 0
69020, 106, 5648, 25540
25540, 106, 213, 0
70628, 107, 5849, 23884
23884, 107, 6, 0
71284, 108, 5931, 26740
26740, 108, 363, 0
69444, 109, 5701, 23948
23948, 109, 14, 0
68772, 110, 5617, 24620
24620, 110, 98, 0
69916, 111, 5760, 25340
25340, 111, 188, 0
71564, 112, 5966, 26220
26220, 112, 298, 0
70988, 113, 5894, 29092
29092, 113, 657, 0
69580, 114, 5718, 26716
26716, 114, 360, 0
71420, 115, 5948, 24948
24948, 115, 139, 0
68860, 116, 5628, 24308
24308, 116, 59, 0
71148, 117, 5914, 26180
26180, 117, 293, 0
70772, 118, 5867, 24980
24980, 118, 143, 0
71740, 119, 5988, 24716
24716, 119, 110, 0
69540, 120, 5713, 24172
24172, 120, 42, 0
70796, 121, 5870, 24156
24156, 121, 40, 0
71092, 122, 5907, 27108
27108, 122, 409, 0
70132, 123, 5787, 26284
26284, 123, 306, 0
70428, 124, 5824, 23956
23956, 124, 15, 0
71340, 125, 5938, 26764
26764, 125, 366, 0
69788, 126, 5744, 25196
25196, 126, 170, 0
71396, 127, 5945, 24204
24204, 127, 46, 0
71468, 129, 5954, 23908
23908, 129, 9, 0
68244, 128, 5551, 27028
27028, 128, 399, 0
70100, 131, 5783, 25660
25660, 131, 228, 0
66204, 130, 5296, 25932
25932, 130, 262, 0
70076, 133, 5780, 25588
25588, 133, 219, 0
71692, 132, 5982, 25692
25692, 132, 232, 0
71700, 135, 5983, 24660
24660, 135, 103, 0
71052, 134, 5902, 25036
25036, 134, 150, 0
70388, 137, 5819, 25076
25076, 137, 155, 0
71828, 136, 5999, 24580
24580, 136, 93, 0
70188, 139, 5794, 24732
24732, 139, 112, 0
69348, 138, 5689, 24100
24100, 138, 33, 0
68316, 141, 5560, 24932
24932, 141, 137, 0
71548, 140, 5964, 23972
23972, 140, 17, 0
71204, 143, 5921, 26164
26164, 143, 291, 0
69532, 142, 5712, 25364
25364, 142, 191, 0
71524, 145, 5961, 25020
25020, 145, 148, 0
70540, 144, 5838, 26588
26588, 144, 344, 0
71708, 147, 5984, 25676
25676, 147, 230, 0
71180, 146, 5918, 23988
23988, 146, 19, 0
71660, 149, 5978, 25436
25436, 149, 200, 0
71020, 148, 5898, 25212
25212, 148, 172, 0
69884, 151, 5756, 25604
25604, 151, 221, 0
71028, 150, 5899, 27756
27756, 150, 490, 0
71676, 153, 5980, 26420
26420, 153, 323, 0
70196, 152, 5795, 24012
24012, 152, 22, 0
71572, 155, 5967, 29388
29388, 155, 694, 0
70836, 154, 5875, 25380
25380, 154, 193, 0
71228, 157, 5924, 26572
26572, 157, 342, 0
69476, 156, 5705, 23836
23836, 156, 0, 0
71652, 159, 5977, 25884
25884, 159, 256, 0
71460, 158, 5953, 24028
24028, 158, 24, 0
70948, 161, 5889, 29892
29892, 161, 757, 0
71364, 160, 5941, 28980
28980, 160, 643, 0
69676, 163, 5730, 28900
28900, 163, 633, 0
71484, 162, 5956, 24148
24148, 162, 39, 0
68236, 165, 5550, 25004
25004, 165, 146, 0
70820, 164, 5873, 24004
24004, 164, 21, 0
71428, 167, 5949, 25284
25284, 167, 181, 0
70020, 166, 5773, 25764
25764, 166, 241, 0
71492, 169, 5957, 24860
24860, 169, 128, 0
69772, 168, 5742, 24636
24636, 168, 100, 0
67732, 171, 5487, 27308
27308, 171, 434, 0
70340, 170, 5813, 24132
24132, 170, 37, 0
69332, 173, 5687, 27348
27348, 173, 439, 0
71868, 172, 6004, 25316
25316, 172, 185, 0
71588, 175, 5969, 25772
25772, 175, 242, 0
71292, 174, 5932, 24316
24316, 174, 60, 0
71268, 177, 5929, 24972
24972, 177, 142, 0
71844, 176, 6001, 24220
24220, 176, 48, 0
71260, 179, 5928, 24364
24364, 179, 66, 0
70292, 178, 5807, 25508
25508, 178, 209, 0
68396, 181, 5570, 29868
29868, 181, 754, 0
67196, 180, 5420, 24492
24492, 180, 82, 0
70308, 183, 5809, 23980
23980, 183, 18, 0
70500, 182, 5833, 26916
26916, 182, 385, 0
69092, 185, 5657, 28452
28452, 185, 577, 0
68484, 184, 5581, 23924
23924, 184, 11, 0
71132, 187, 5912, 24236
24236, 187, 50, 0
71004, 186, 5896, 24820
24820, 186, 123, 0
68436, 189, 5575, 25012
25012, 189, 147, 0
70228, 188, 5799, 28380
28380, 188, 568, 0
71444, 191, 5951, 25172
25172, 191, 167, 0
71780, 190, 5993, 24924
24924, 190, 136, 0
71540, 193, 5963, 25156
25156, 193, 165, 0
70780, 192, 5868, 26124
26124, 192, 286, 0
70756, 195, 5865, 24772
24772, 195, 117, 0
67260, 194, 5428, 26668
26668, 194, 354, 0
68300, 197, 5558, 24484
24484, 197, 81, 0
71804, 196, 5996, 24564
24564, 196, 91, 0
67052, 199, 5402, 25052
25052, 199, 152, 0
70044, 198, 5776, 24044
24044, 198, 26, 0
71436, 200, 5950, 26500
26500, 200, 333, 0
119900, 1, 6004, 72156
72156, 1, 36, 0
119868, 2, 6000, 71916
71916, 2, 6, 0
119884, 3, 6002, 71908
71908, 3, 5, 0
119804, 4, 5992, 71868
71868, 4, 0, 0
119876, 5, 6001, 71884
71884, 5, 2, 0
119764, 6, 5987, 71892
71892, 6, 3, 0
119860, 7, 5999, 72100
72100, 7, 29, 0
119836, 8, 5996, 71900
71900, 8, 4, 0
119668, 9, 5975, 71876
71876, 9, 1, 0
119780, 10, 5989, 71932
71932, 10, 8, 0
119916, 1, 2, 0
119908, 5, 1, 0
119964, 10, 8, 0
119932, 11, 4, 0
119940, 14, 5, 0
119924, 15, 3, 0
119956, 17, 7, 119900
119900, 17, 0, 0
119948, 23, 6, 0
119972, 24, 9, 0
119996, CANADA, 3, 0
120100, MOZAMBIQUE, 16, 0
119980, ARGENTINA, 1, 0
120068, JAPAN, 12, 119988
119988, BRAZIL, 2, 0
120044, INDONESIA, 9, 0
120020, FRANCE, 6, 0
120004, EGYPT, 4, 0
120140, VIETNAM, 21, 0
120164, UNITED STATES, 24, 0
120148, RUSSIA, 22, 0
120108, PERU, 17, 0
120092, MOROCCO, 15, 0
119972, ALGERIA, 0, 0
120060, IRAQ, 11, 0
120124, ROMANIA, 19, 0
120156, UNITED KINGDOM, 23, 0
120036, INDIA, 8, 0
120012, ETHIOPIA, 5, 0
120028, GERMANY, 7, 0
120076, JORDAN, 13, 0
120132, SAUDI ARABIA, 20, 0
120052, IRAN, 10, 0
120084, KENYA, 14, 0
120116, CHINA, 18, 0
120180, 1, 2, 0
120172, 5, 1, 0
120228, 10, 8, 0
120196, 11, 4, 0
120204, 14, 5, 0
120188, 15, 3, 0
120220, 17, 7, 120164
120164, 17, 0, 0
120212, 23, 6, 0
120236, 24, 9, 0
