opcode, address
0, 930368
0, 995904
0, 1061440
0, 1126976
0, 1192512
0, 1258304
2, 6
0, 930368
0, 995904
0, 1061440
0, 1126976
0, 1192512
0, 1258304
1, 863408
0, 930384
0, 995920
0, 1061456
0, 1126992
0, 1192528
0, 1258320
1, 863424
0, 930400
0, 995936
0, 1061472
0, 1127008
0, 1192544
0, 1258336
1, 863440
0, 930416
0, 995952
0, 1061488
0, 1127024
0, 1192560
0, 1258352
1, 863456
0, 930432
0, 995968
0, 1061504
0, 1127040
0, 1192576
0, 1258368
0, 930432
0, 995968
0, 1061504
0, 1127040
0, 1192576
0, 1258368
1, 863472
0, 930448
0, 995984
0, 1061520
0, 1127056
0, 1192592
0, 1258384
1, 863488
0, 930464
0, 996000
0, 1061536
0, 1127072
0, 1192608
0, 1258400
1, 863504
0, 930480
0, 996016
0, 1061552
0, 1127088
0, 1192624
0, 1258416
1, 863520
0, 930496
0, 996032
0, 1061568
0, 1127104
0, 1192640
0, 1258432
0, 930496
0, 996032
0, 1061568
0, 1127104
0, 1192640
0, 1258432
1, 863536
0, 930512
0, 996048
0, 1061584
0, 1127120
0, 1192656
0, 1258448
1, 863552
0, 930528
0, 996064
0, 1061600
0, 1127136
0, 1192672
0, 1258464
1, 863568
0, 930544
0, 996080
0, 1061616
0, 1127152
0, 1192688
0, 1258480
1, 863584
0, 930560
0, 996096
0, 1061632
0, 1127168
0, 1192704
0, 1258496
1, 863600
0, 930576
0, 996112
0, 1061648
0, 1127184
0, 1192720
0, 1258512
1, 863616
0, 930592
0, 996128
0, 1061664
0, 1127200
0, 1192736
0, 1258528
1, 863632
0, 930608
0, 996144
0, 1061680
0, 1127216
0, 1192752
0, 1258544
1, 863648
0, 930624
0, 996160
0, 1061696
0, 1127232
0, 1192768
0, 1258560
1, 863664
0, 930640
0, 996176
0, 1061712
0, 1127248
0, 1192784
0, 1258576
1, 863680
6, 0
0, 930368
0, 995904
0, 1061440
0, 1126976
0, 1192512
0, 1258304
2, 6
0, 930656
0, 996192
0, 1061728
0, 1127264
0, 1192800
0, 1258592
1, 863696
0, 930672
0, 996208
0, 1061744
0, 1127280
0, 1192816
0, 1258608
1, 863712
0, 930688
0, 996224
0, 1061760
0, 1127296
0, 1192832
0, 1258624
1, 863728
0, 930704
0, 996240
0, 1061776
0, 1127312
0, 1192848
0, 1258640
1, 863744
0, 930432
0, 995968
0, 1061504
0, 1127040
0, 1192576
0, 1258368
0, 930720
0, 996256
0, 1061792
0, 1127328
0, 1192864
0, 1258656
1, 863760
0, 930736
0, 996272
0, 1061808
0, 1127344
0, 1192880
0, 1258672
1, 863776
0, 930752
0, 996288
0, 1061824
0, 1127360
0, 1192896
0, 1258688
1, 863792
0, 930768
0, 996304
0, 1061840
0, 1127376
0, 1192912
0, 1258704
1, 863808
0, 930496
0, 996032
0, 1061568
0, 1127104
0, 1192640
0, 1258432
0, 930784
0, 996320
0, 1061856
0, 1127392
0, 1192928
0, 1258720
1, 863824
0, 930800
0, 996336
0, 1061872
0, 1127408
0, 1192944
0, 1258736
1, 863840
0, 930816
0, 996352
0, 1061888
0, 1127424
0, 1192960
0, 1258752
1, 863856
0, 930832
0, 996368
0, 1061904
0, 1127440
0, 1192976
0, 1258768
1, 863872
0, 930848
0, 996384
0, 1061920
0, 1127456
0, 1192992
0, 1258784
1, 863888
0, 930864
0, 996400
0, 1061936
0, 1127472
0, 1193008
0, 1258800
1, 863904
0, 930880
0, 996416
0, 1061952
0, 1127488
0, 1193024
0, 1258816
1, 863920
0, 930896
0, 996432
0, 1061968
0, 1127504
0, 1193040
0, 1258832
1, 863936
0, 930912
0, 996448
0, 1061984
0, 1127520
0, 1193056
0, 1258848
1, 863952
0, 930928
0, 996464
0, 1062000
0, 1127536
0, 1193072
0, 1258864
1, 863968
6, 0
0, 930368
0, 995904
0, 1061440
0, 1126976
0, 1192512
0, 1258304
2, 6
0, 930944
0, 996480
0, 1062016
0, 1127552
0, 1193088
0, 1258880
1, 863984
0, 930960
0, 996496
0, 1062032
0, 1127568
0, 1193104
0, 1258896
1, 864000
0, 930976
0, 996512
0, 1062048
0, 1127584
0, 1193120
0, 1258912
1, 864016
0, 930992
0, 996528
0, 1062064
0, 1127600
0, 1193136
0, 1258928
1, 864032
0, 930432
0, 995968
0, 1061504
0, 1127040
0, 1192576
0, 1258368
0, 931008
0, 996544
0, 1062080
0, 1127616
0, 1193152
0, 1258944
1, 864048
0, 931024
0, 996560
0, 1062096
0, 1127632
0, 1193168
0, 1258960
1, 864064
0, 931040
0, 996576
0, 1062112
0, 1127648
0, 1193184
0, 1258976
1, 864080
0, 931056
0, 996592
0, 1062128
0, 1127664
0, 1193200
0, 1258992
1, 864096
0, 930496
0, 996032
0, 1061568
0, 1127104
0, 1192640
0, 1258432
0, 931072
0, 996608
0, 1062144
0, 1127680
0, 1193216
0, 1259008
1, 864112
0, 931088
0, 996624
0, 1062160
0, 1127696
0, 1193232
0, 1259024
1, 864128
0, 931104
0, 996640
0, 1062176
0, 1127712
0, 1193248
0, 1259040
1, 864144
0, 931120
0, 996656
0, 1062192
0, 1127728
0, 1193264
0, 1259056
1, 864160
0, 931136
0, 996672
0, 1062208
0, 1127744
0, 1193280
0, 1259072
1, 864176
0, 931152
0, 996688
0, 1062224
0, 1127760
0, 1193296
0, 1259088
1, 864192
0, 931168
0, 996704
0, 1062240
0, 1127776
0, 1193312
0, 1259104
1, 864208
0, 931184
0, 996720
0, 1062256
0, 1127792
0, 1193328
0, 1259120
1, 864224
0, 931200
0, 996736
0, 1062272
0, 1127808
0, 1193344
0, 1259136
1, 864240
0, 931216
0, 996752
0, 1062288
0, 1127824
0, 1193360
0, 1259152
1, 864256
6, 0
0, 930368
0, 995904
0, 1061440
0, 1126976
0, 1192512
0, 1258304
2, 6
0, 931232
0, 996768
0, 1062304
0, 1127840
0, 1193376
0, 1259168
1, 864272
0, 931248
0, 996784
0, 1062320
0, 1127856
0, 1193392
0, 1259184
1, 864288
0, 931264
0, 996800
0, 1062336
0, 1127872
0, 1193408
0, 1259200
1, 864304
0, 931280
0, 996816
0, 1062352
0, 1127888
0, 1193424
0, 1259216
1, 864320
0, 930432
0, 995968
0, 1061504
0, 1127040
0, 1192576
0, 1258368
0, 931296
0, 996832
0, 1062368
0, 1127904
0, 1193440
0, 1259232
1, 864336
0, 931312
0, 996848
0, 1062384
0, 1127920
0, 1193456
0, 1259248
1, 864352
0, 931328
0, 996864
0, 1062400
0, 1127936
0, 1193472
0, 1259264
1, 864368
0, 931344
0, 996880
0, 1062416
0, 1127952
0, 1193488
0, 1259280
1, 864384
0, 930496
0, 996032
0, 1061568
0, 1127104
0, 1192640
0, 1258432
0, 931360
0, 996896
0, 1062432
0, 1127968
0, 1193504
0, 1259296
1, 864400
0, 931376
0, 996912
0, 1062448
0, 1127984
0, 1193520
0, 1259312
1, 864416
0, 931392
0, 996928
0, 1062464
0, 1128000
0, 1193536
0, 1259328
1, 864432
0, 931408
0, 996944
0, 1062480
0, 1128016
0, 1193552
0, 1259344
1, 864448
0, 931424
0, 996960
0, 1062496
0, 1128032
0, 1193568
0, 1259360
1, 864464
0, 931440
0, 996976
0, 1062512
0, 1128048
0, 1193584
0, 1259376
1, 864480
0, 931456
0, 996992
0, 1062528
0, 1128064
0, 1193600
0, 1259392
1, 864496
0, 931472
0, 997008
0, 1062544
0, 1128080
0, 1193616
0, 1259408
1, 864512
0, 931488
0, 997024
0, 1062560
0, 1128096
0, 1193632
0, 1259424
1, 864528
0, 931504
0, 997040
0, 1062576
0, 1128112
0, 1193648
0, 1259440
1, 864544
6, 0
0, 930368
0, 995904
0, 1061440
0, 1126976
0, 1192512
0, 1258304
2, 6
0, 931520
0, 997056
0, 1062592
0, 1128128
0, 1193664
0, 1259456
1, 864560
0, 931536
0, 997072
0, 1062608
0, 1128144
0, 1193680
0, 1259472
1, 864576
0, 931552
0, 997088
0, 1062624
0, 1128160
0, 1193696
0, 1259488
1, 864592
0, 931568
0, 997104
0, 1062640
0, 1128176
0, 1193712
0, 1259504
1, 864608
0, 930432
0, 995968
0, 1061504
0, 1127040
0, 1192576
0, 1258368
0, 931584
0, 997120
0, 1062656
0, 1128192
0, 1193728
0, 1259520
1, 864624
0, 931600
0, 997136
0, 1062672
0, 1128208
0, 1193744
0, 1259536
1, 864640
0, 931616
0, 997152
0, 1062688
0, 1128224
0, 1193760
0, 1259552
1, 864656
0, 931632
0, 997168
0, 1062704
0, 1128240
0, 1193776
0, 1259568
1, 864672
0, 930496
0, 996032
0, 1061568
0, 1127104
0, 1192640
0, 1258432
0, 931648
0, 997184
0, 1062720
0, 1128256
0, 1193792
0, 1259584
1, 864688
0, 931664
0, 997200
0, 1062736
0, 1128272
0, 1193808
0, 1259600
1, 864704
0, 931680
0, 997216
0, 1062752
0, 1128288
0, 1193824
0, 1259616
1, 864720
0, 931696
0, 997232
0, 1062768
0, 1128304
0, 1193840
0, 1259632
1, 864736
0, 931712
0, 997248
0, 1062784
0, 1128320
0, 1193856
0, 1259648
1, 864752
0, 931728
0, 997264
0, 1062800
0, 1128336
0, 1193872
0, 1259664
1, 864768
0, 931744
0, 997280
0, 1062816
0, 1128352
0, 1193888
0, 1259680
1, 864784
0, 931760
0, 997296
0, 1062832
0, 1128368
0, 1193904
0, 1259696
1, 864800
0, 931776
0, 997312
0, 1062848
0, 1128384
0, 1193920
0, 1259712
1, 864816
0, 931792
0, 997328
0, 1062864
0, 1128400
0, 1193936
0, 1259728
1, 864832
6, 0
0, 930368
0, 995904
0, 1061440
0, 1126976
0, 1192512
0, 1258304
2, 6
0, 931808
0, 997344
0, 1062880
0, 1128416
0, 1193952
0, 1259744
1, 864848
0, 931824
0, 997360
0, 1062896
0, 1128432
0, 1193968
0, 1259760
1, 864864
0, 931840
0, 997376
0, 1062912
0, 1128448
0, 1193984
0, 1259776
1, 864880
0, 931856
0, 997392
0, 1062928
0, 1128464
0, 1194000
0, 1259792
1, 864896
0, 930432
0, 995968
0, 1061504
0, 1127040
0, 1192576
0, 1258368
0, 931872
0, 997408
0, 1062944
0, 1128480
0, 1194016
0, 1259808
1, 864912
0, 931888
0, 997424
0, 1062960
0, 1128496
0, 1194032
0, 1259824
1, 864928
0, 931904
0, 997440
0, 1062976
0, 1128512
0, 1194048
0, 1259840
1, 864944
0, 931920
0, 997456
0, 1062992
0, 1128528
0, 1194064
0, 1259856
1, 864960
0, 930496
0, 996032
0, 1061568
0, 1127104
0, 1192640
0, 1258432
0, 931936
0, 997472
0, 1063008
0, 1128544
0, 1194080
0, 1259872
1, 864976
0, 931952
0, 997488
0, 1063024
0, 1128560
0, 1194096
0, 1259888
1, 864992
0, 931968
0, 997504
0, 1063040
0, 1128576
0, 1194112
0, 1259904
1, 865008
0, 931984
0, 997520
0, 1063056
0, 1128592
0, 1194128
0, 1259920
1, 865024
0, 932000
0, 997536
0, 1063072
0, 1128608
0, 1194144
0, 1259936
1, 865040
0, 932016
0, 997552
0, 1063088
0, 1128624
0, 1194160
0, 1259952
1, 865056
0, 932032
0, 997568
0, 1063104
0, 1128640
0, 1194176
0, 1259968
1, 865072
0, 932048
0, 997584
0, 1063120
0, 1128656
0, 1194192
0, 1259984
1, 865088
0, 932064
0, 997600
0, 1063136
0, 1128672
0, 1194208
0, 1260000
1, 865104
0, 932080
0, 997616
0, 1063152
0, 1128688
0, 1194224
0, 1260016
1, 865120
6, 0
0, 930368
0, 995904
0, 1061440
0, 1126976
0, 1192512
0, 1258304
2, 6
0, 932096
0, 997632
0, 1063168
0, 1128704
0, 1194240
0, 1260032
1, 865136
0, 932112
0, 997648
0, 1063184
0, 1128720
0, 1194256
0, 1260048
1, 865152
0, 932128
0, 997664
0, 1063200
0, 1128736
0, 1194272
0, 1260064
1, 865168
0, 932144
0, 997680
0, 1063216
0, 1128752
0, 1194288
0, 1260080
1, 865184
0, 930432
0, 995968
0, 1061504
0, 1127040
0, 1192576
0, 1258368
0, 932160
0, 997696
0, 1063232
0, 1128768
0, 1194304
0, 1260096
1, 865200
0, 932176
0, 997712
0, 1063248
0, 1128784
0, 1194320
0, 1260112
1, 865216
0, 932192
0, 997728
0, 1063264
0, 1128800
0, 1194336
0, 1260128
1, 865232
0, 932208
0, 997744
0, 1063280
0, 1128816
0, 1194352
0, 1260144
1, 865248
0, 930496
0, 996032
0, 1061568
0, 1127104
0, 1192640
0, 1258432
0, 932224
0, 997760
0, 1063296
0, 1128832
0, 1194368
0, 1260160
1, 865264
0, 932240
0, 997776
0, 1063312
0, 1128848
0, 1194384
0, 1260176
1, 865280
0, 932256
0, 997792
0, 1063328
0, 1128864
0, 1194400
0, 1260192
1, 865296
0, 932272
0, 997808
0, 1063344
0, 1128880
0, 1194416
0, 1260208
1, 865312
0, 932288
0, 997824
0, 1063360
0, 1128896
0, 1194432
0, 1260224
1, 865328
0, 932304
0, 997840
0, 1063376
0, 1128912
0, 1194448
0, 1260240
1, 865344
0, 932320
0, 997856
0, 1063392
0, 1128928
0, 1194464
0, 1260256
1, 865360
0, 932336
0, 997872
0, 1063408
0, 1128944
0, 1194480
0, 1260272
1, 865376
0, 932352
0, 997888
0, 1063424
0, 1128960
0, 1194496
0, 1260288
1, 865392
0, 932368
0, 997904
0, 1063440
0, 1128976
0, 1194512
0, 1260304
1, 865408
6, 0
0, 930368
0, 995904
0, 1061440
0, 1126976
0, 1192512
0, 1258304
2, 6
0, 932384
0, 997920
0, 1063456
0, 1128992
0, 1194528
0, 1260320
1, 865424
0, 932400
0, 997936
0, 1063472
0, 1129008
0, 1194544
0, 1260336
1, 865440
0, 932416
0, 997952
0, 1063488
0, 1129024
0, 1194560
0, 1260352
1, 865456
0, 932432
0, 997968
0, 1063504
0, 1129040
0, 1194576
0, 1260368
1, 865472
0, 930432
0, 995968
0, 1061504
0, 1127040
0, 1192576
0, 1258368
0, 932448
0, 997984
0, 1063520
0, 1129056
0, 1194592
0, 1260384
1, 865488
0, 932464
0, 998000
0, 1063536
0, 1129072
0, 1194608
0, 1260400
1, 865504
0, 932480
0, 998016
0, 1063552
0, 1129088
0, 1194624
0, 1260416
1, 865520
0, 932496
0, 998032
0, 1063568
0, 1129104
0, 1194640
0, 1260432
1, 865536
0, 930496
0, 996032
0, 1061568
0, 1127104
0, 1192640
0, 1258432
0, 932512
0, 998048
0, 1063584
0, 1129120
0, 1194656
0, 1260448
1, 865552
0, 932528
0, 998064
0, 1063600
0, 1129136
0, 1194672
0, 1260464
1, 865568
0, 932544
0, 998080
0, 1063616
0, 1129152
0, 1194688
0, 1260480
1, 865584
0, 932560
0, 998096
0, 1063632
0, 1129168
0, 1194704
0, 1260496
1, 865600
0, 932576
0, 998112
0, 1063648
0, 1129184
0, 1194720
0, 1260512
1, 865616
0, 932592
0, 998128
0, 1063664
0, 1129200
0, 1194736
0, 1260528
1, 865632
0, 932608
0, 998144
0, 1063680
0, 1129216
0, 1194752
0, 1260544
1, 865648
0, 932624
0, 998160
0, 1063696
0, 1129232
0, 1194768
0, 1260560
1, 865664
0, 932640
0, 998176
0, 1063712
0, 1129248
0, 1194784
0, 1260576
1, 865680
0, 932656
0, 998192
0, 1063728
0, 1129264
0, 1194800
0, 1260592
1, 865696
6, 0
0, 930368
0, 995904
0, 1061440
0, 1126976
0, 1192512
0, 1258304
2, 6
0, 932672
0, 998208
0, 1063744
0, 1129280
0, 1194816
0, 1260608
1, 865712
0, 932688
0, 998224
0, 1063760
0, 1129296
0, 1194832
0, 1260624
1, 865728
0, 932704
0, 998240
0, 1063776
0, 1129312
0, 1194848
0, 1260640
1, 865744
0, 932720
0, 998256
0, 1063792
0, 1129328
0, 1194864
0, 1260656
1, 865760
0, 930432
0, 995968
0, 1061504
0, 1127040
0, 1192576
0, 1258368
0, 932736
0, 998272
0, 1063808
0, 1129344
0, 1194880
0, 1260672
1, 865776
0, 932752
0, 998288
0, 1063824
0, 1129360
0, 1194896
0, 1260688
1, 865792
0, 932768
0, 998304
0, 1063840
0, 1129376
0, 1194912
0, 1260704
1, 865808
0, 932784
0, 998320
0, 1063856
0, 1129392
0, 1194928
0, 1260720
1, 865824
0, 930496
0, 996032
0, 1061568
0, 1127104
0, 1192640
0, 1258432
0, 932800
0, 998336
0, 1063872
0, 1129408
0, 1194944
0, 1260736
1, 865840
0, 932816
0, 998352
0, 1063888
0, 1129424
0, 1194960
0, 1260752
1, 865856
0, 932832
0, 998368
0, 1063904
0, 1129440
0, 1194976
0, 1260768
1, 865872
0, 932848
0, 998384
0, 1063920
0, 1129456
0, 1194992
0, 1260784
1, 865888
0, 932864
0, 998400
0, 1063936
0, 1129472
0, 1195008
0, 1260800
1, 865904
0, 932880
0, 998416
0, 1063952
0, 1129488
0, 1195024
0, 1260816
1, 865920
0, 932896
0, 998432
0, 1063968
0, 1129504
0, 1195040
0, 1260832
1, 865936
0, 932912
0, 998448
0, 1063984
0, 1129520
0, 1195056
0, 1260848
1, 865952
0, 932928
0, 998464
0, 1064000
0, 1129536
0, 1195072
0, 1260864
1, 865968
0, 932944
0, 998480
0, 1064016
0, 1129552
0, 1195088
0, 1260880
1, 865984
6, 0
0, 930368
0, 995904
0, 1061440
0, 1126976
0, 1192512
0, 1258304
2, 6
0, 932960
0, 998496
0, 1064032
0, 1129568
0, 1195104
0, 1260896
1, 866000
0, 932976
0, 998512
0, 1064048
0, 1129584
0, 1195120
0, 1260912
1, 866016
0, 932992
0, 998528
0, 1064064
0, 1129600
0, 1195136
0, 1260928
1, 866032
0, 933008
0, 998544
0, 1064080
0, 1129616
0, 1195152
0, 1260944
1, 866048
0, 930432
0, 995968
0, 1061504
0, 1127040
0, 1192576
0, 1258368
0, 933024
0, 998560
0, 1064096
0, 1129632
0, 1195168
0, 1260960
1, 866064
0, 933040
0, 998576
0, 1064112
0, 1129648
0, 1195184
0, 1260976
1, 866080
0, 933056
0, 998592
0, 1064128
0, 1129664
0, 1195200
0, 1260992
1, 866096
0, 933072
0, 998608
0, 1064144
0, 1129680
0, 1195216
0, 1261008
1, 866112
0, 930496
0, 996032
0, 1061568
0, 1127104
0, 1192640
0, 1258432
0, 933088
0, 998624
0, 1064160
0, 1129696
0, 1195232
0, 1261024
1, 866128
0, 933104
0, 998640
0, 1064176
0, 1129712
0, 1195248
0, 1261040
1, 866144
0, 933120
0, 998656
0, 1064192
0, 1129728
0, 1195264
0, 1261056
1, 866160
0, 933136
0, 998672
0, 1064208
0, 1129744
0, 1195280
0, 1261072
1, 866176
0, 933152
0, 998688
0, 1064224
0, 1129760
0, 1195296
0, 1261088
1, 866192
0, 933168
0, 998704
0, 1064240
0, 1129776
0, 1195312
0, 1261104
1, 866208
0, 933184
0, 998720
0, 1064256
0, 1129792
0, 1195328
0, 1261120
1, 866224
0, 933200
0, 998736
0, 1064272
0, 1129808
0, 1195344
0, 1261136
1, 866240
0, 933216
0, 998752
0, 1064288
0, 1129824
0, 1195360
0, 1261152
1, 866256
0, 933232
0, 998768
0, 1064304
0, 1129840
0, 1195376
0, 1261168
1, 866272
6, 0
0, 930368
0, 995904
0, 1061440
0, 1126976
0, 1192512
0, 1258304
2, 6
0, 933248
0, 998784
0, 1064320
0, 1129856
0, 1195392
0, 1261184
1, 866288
0, 933264
0, 998800
0, 1064336
0, 1129872
0, 1195408
0, 1261200
1, 866304
0, 933280
0, 998816
0, 1064352
0, 1129888
0, 1195424
0, 1261216
1, 866320
0, 933296
0, 998832
0, 1064368
0, 1129904
0, 1195440
0, 1261232
1, 866336
0, 930432
0, 995968
0, 1061504
0, 1127040
0, 1192576
0, 1258368
0, 933312
0, 998848
0, 1064384
0, 1129920
0, 1195456
0, 1261248
1, 866352
0, 933328
0, 998864
0, 1064400
0, 1129936
0, 1195472
0, 1261264
1, 866368
0, 933344
0, 998880
0, 1064416
0, 1129952
0, 1195488
0, 1261280
1, 866384
0, 933360
0, 998896
0, 1064432
0, 1129968
0, 1195504
0, 1261296
1, 866400
0, 930496
0, 996032
0, 1061568
0, 1127104
0, 1192640
0, 1258432
0, 933376
0, 998912
0, 1064448
0, 1129984
0, 1195520
0, 1261312
1, 866416
0, 933392
0, 998928
0, 1064464
0, 1130000
0, 1195536
0, 1261328
1, 866432
0, 933408
0, 998944
0, 1064480
0, 1130016
0, 1195552
0, 1261344
1, 866448
0, 933424
0, 998960
0, 1064496
0, 1130032
0, 1195568
0, 1261360
1, 866464
0, 933440
0, 998976
0, 1064512
0, 1130048
0, 1195584
0, 1261376
1, 866480
0, 933456
0, 998992
0, 1064528
0, 1130064
0, 1195600
0, 1261392
1, 866496
0, 933472
0, 999008
0, 1064544
0, 1130080
0, 1195616
0, 1261408
1, 866512
0, 933488
0, 999024
0, 1064560
0, 1130096
0, 1195632
0, 1261424
1, 866528
0, 933504
0, 999040
0, 1064576
0, 1130112
0, 1195648
0, 1261440
1, 866544
0, 933520
0, 999056
0, 1064592
0, 1130128
0, 1195664
0, 1261456
1, 866560
6, 0
0, 930368
0, 995904
0, 1061440
0, 1126976
0, 1192512
0, 1258304
2, 6
0, 933536
0, 999072
0, 1064608
0, 1130144
0, 1195680
0, 1261472
1, 866576
0, 933552
0, 999088
0, 1064624
0, 1130160
0, 1195696
0, 1261488
1, 866592
0, 933568
0, 999104
0, 1064640
0, 1130176
0, 1195712
0, 1261504
1, 866608
0, 933584
0, 999120
0, 1064656
0, 1130192
0, 1195728
0, 1261520
1, 866624
0, 930432
0, 995968
0, 1061504
0, 1127040
0, 1192576
0, 1258368
0, 933600
0, 999136
0, 1064672
0, 1130208
0, 1195744
0, 1261536
1, 866640
0, 933616
0, 999152
0, 1064688
0, 1130224
0, 1195760
0, 1261552
1, 866656
0, 933632
0, 999168
0, 1064704
0, 1130240
0, 1195776
0, 1261568
1, 866672
0, 933648
0, 999184
0, 1064720
0, 1130256
0, 1195792
0, 1261584
1, 866688
0, 930496
0, 996032
0, 1061568
0, 1127104
0, 1192640
0, 1258432
0, 933664
0, 999200
0, 1064736
0, 1130272
0, 1195808
0, 1261600
1, 866704
0, 933680
0, 999216
0, 1064752
0, 1130288
0, 1195824
0, 1261616
1, 866720
0, 933696
0, 999232
0, 1064768
0, 1130304
0, 1195840
0, 1261632
1, 866736
0, 933712
0, 999248
0, 1064784
0, 1130320
0, 1195856
0, 1261648
1, 866752
0, 933728
0, 999264
0, 1064800
0, 1130336
0, 1195872
0, 1261664
1, 866768
0, 933744
0, 999280
0, 1064816
0, 1130352
0, 1195888
0, 1261680
1, 866784
0, 933760
0, 999296
0, 1064832
0, 1130368
0, 1195904
0, 1261696
1, 866800
0, 933776
0, 999312
0, 1064848
0, 1130384
0, 1195920
0, 1261712
1, 866816
0, 933792
0, 999328
0, 1064864
0, 1130400
0, 1195936
0, 1261728
1, 866832
0, 933808
0, 999344
0, 1064880
0, 1130416
0, 1195952
0, 1261744
1, 866848
6, 0
0, 930368
0, 995904
0, 1061440
0, 1126976
0, 1192512
0, 1258304
2, 6
0, 933824
0, 999360
0, 1064896
0, 1130432
0, 1195968
0, 1261760
1, 866864
0, 933840
0, 999376
0, 1064912
0, 1130448
0, 1195984
0, 1261776
1, 866880
0, 933856
0, 999392
0, 1064928
0, 1130464
0, 1196000
0, 1261792
1, 866896
0, 933872
0, 999408
0, 1064944
0, 1130480
0, 1196016
0, 1261808
1, 866912
0, 930432
0, 995968
0, 1061504
0, 1127040
0, 1192576
0, 1258368
0, 933888
0, 999424
0, 1064960
0, 1130496
0, 1196032
0, 1261824
1, 866928
0, 933904
0, 999440
0, 1064976
0, 1130512
0, 1196048
0, 1261840
1, 866944
0, 933920
0, 999456
0, 1064992
0, 1130528
0, 1196064
0, 1261856
1, 866960
0, 933936
0, 999472
0, 1065008
0, 1130544
0, 1196080
0, 1261872
1, 866976
0, 930496
0, 996032
0, 1061568
0, 1127104
0, 1192640
0, 1258432
0, 933952
0, 999488
0, 1065024
0, 1130560
0, 1196096
0, 1261888
1, 866992
0, 933968
0, 999504
0, 1065040
0, 1130576
0, 1196112
0, 1261904
1, 867008
0, 933984
0, 999520
0, 1065056
0, 1130592
0, 1196128
0, 1261920
1, 867024
0, 934000
0, 999536
0, 1065072
0, 1130608
0, 1196144
0, 1261936
1, 867040
0, 934016
0, 999552
0, 1065088
0, 1130624
0, 1196160
0, 1261952
1, 867056
0, 934032
0, 999568
0, 1065104
0, 1130640
0, 1196176
0, 1261968
1, 867072
0, 934048
0, 999584
0, 1065120
0, 1130656
0, 1196192
0, 1261984
1, 867088
0, 934064
0, 999600
0, 1065136
0, 1130672
0, 1196208
0, 1262000
1, 867104
0, 934080
0, 999616
0, 1065152
0, 1130688
0, 1196224
0, 1262016
1, 867120
0, 934096
0, 999632
0, 1065168
0, 1130704
0, 1196240
0, 1262032
1, 867136
6, 0
0, 930368
0, 995904
0, 1061440
0, 1126976
0, 1192512
0, 1258304
2, 6
0, 934112
0, 999648
0, 1065184
0, 1130720
0, 1196256
0, 1262048
1, 867152
0, 934128
0, 999664
0, 1065200
0, 1130736
0, 1196272
0, 1262064
1, 867168
0, 934144
0, 999680
0, 1065216
0, 1130752
0, 1196288
0, 1262080
1, 867184
0, 934160
0, 999696
0, 1065232
0, 1130768
0, 1196304
0, 1262096
1, 867200
0, 930432
0, 995968
0, 1061504
0, 1127040
0, 1192576
0, 1258368
0, 934176
0, 999712
0, 1065248
0, 1130784
0, 1196320
0, 1262112
1, 867216
0, 934192
0, 999728
0, 1065264
0, 1130800
0, 1196336
0, 1262128
1, 867232
0, 934208
0, 999744
0, 1065280
0, 1130816
0, 1196352
0, 1262144
1, 867248
0, 934224
0, 999760
0, 1065296
0, 1130832
0, 1196368
0, 1262160
1, 867264
0, 930496
0, 996032
0, 1061568
0, 1127104
0, 1192640
0, 1258432
0, 934240
0, 999776
0, 1065312
0, 1130848
0, 1196384
0, 1262176
1, 867280
0, 934256
0, 999792
0, 1065328
0, 1130864
0, 1196400
0, 1262192
1, 867296
0, 934272
0, 999808
0, 1065344
0, 1130880
0, 1196416
0, 1262208
1, 867312
0, 934288
0, 999824
0, 1065360
0, 1130896
0, 1196432
0, 1262224
1, 867328
0, 934304
0, 999840
0, 1065376
0, 1130912
0, 1196448
0, 1262240
1, 867344
0, 934320
0, 999856
0, 1065392
0, 1130928
0, 1196464
0, 1262256
1, 867360
0, 934336
0, 999872
0, 1065408
0, 1130944
0, 1196480
0, 1262272
1, 867376
0, 934352
0, 999888
0, 1065424
0, 1130960
0, 1196496
0, 1262288
1, 867392
0, 934368
0, 999904
0, 1065440
0, 1130976
0, 1196512
0, 1262304
1, 867408
0, 934384
0, 999920
0, 1065456
0, 1130992
0, 1196528
0, 1262320
1, 867424
6, 0
0, 930368
0, 995904
0, 1061440
0, 1126976
0, 1192512
0, 1258304
2, 6
0, 934400
0, 999936
0, 1065472
0, 1131008
0, 1196544
0, 1262336
1, 867440
0, 934416
0, 999952
0, 1065488
0, 1131024
0, 1196560
0, 1262352
1, 867456
0, 934432
0, 999968
0, 1065504
0, 1131040
0, 1196576
0, 1262368
1, 867472
0, 934448
0, 999984
0, 1065520
0, 1131056
0, 1196592
0, 1262384
1, 867488
0, 930432
0, 995968
0, 1061504
0, 1127040
0, 1192576
0, 1258368
0, 934464
0, 1000000
0, 1065536
0, 1131072
0, 1196608
0, 1262400
1, 867504
0, 934480
0, 1000016
0, 1065552
0, 1131088
0, 1196624
0, 1262416
1, 867520
0, 934496
0, 1000032
0, 1065568
0, 1131104
0, 1196640
0, 1262432
1, 867536
0, 934512
0, 1000048
0, 1065584
0, 1131120
0, 1196656
0, 1262448
1, 867552
0, 930496
0, 996032
0, 1061568
0, 1127104
0, 1192640
0, 1258432
0, 934528
0, 1000064
0, 1065600
0, 1131136
0, 1196672
0, 1262464
1, 867568
0, 934544
0, 1000080
0, 1065616
0, 1131152
0, 1196688
0, 1262480
1, 867584
0, 934560
0, 1000096
0, 1065632
0, 1131168
0, 1196704
0, 1262496
1, 867600
0, 934576
0, 1000112
0, 1065648
0, 1131184
0, 1196720
0, 1262512
1, 867616
0, 934592
0, 1000128
0, 1065664
0, 1131200
0, 1196736
0, 1262528
1, 867632
0, 934608
0, 1000144
0, 1065680
0, 1131216
0, 1196752
0, 1262544
1, 867648
0, 934624
0, 1000160
0, 1065696
0, 1131232
0, 1196768
0, 1262560
1, 867664
0, 934640
0, 1000176
0, 1065712
0, 1131248
0, 1196784
0, 1262576
1, 867680
0, 934656
0, 1000192
0, 1065728
0, 1131264
0, 1196800
0, 1262592
1, 867696
0, 934672
0, 1000208
0, 1065744
0, 1131280
0, 1196816
0, 1262608
1, 867712
6, 0
0, 930368
0, 995904
0, 1061440
0, 1126976
0, 1192512
0, 1258304
2, 6
0, 934688
0, 1000224
0, 1065760
0, 1131296
0, 1196832
0, 1262624
1, 867728
0, 934704
0, 1000240
0, 1065776
0, 1131312
0, 1196848
0, 1262640
1, 867744
0, 934720
0, 1000256
0, 1065792
0, 1131328
0, 1196864
0, 1262656
1, 867760
0, 934736
0, 1000272
0, 1065808
0, 1131344
0, 1196880
0, 1262672
1, 867776
0, 930432
0, 995968
0, 1061504
0, 1127040
0, 1192576
0, 1258368
0, 934752
0, 1000288
0, 1065824
0, 1131360
0, 1196896
0, 1262688
1, 867792
0, 934768
0, 1000304
0, 1065840
0, 1131376
0, 1196912
0, 1262704
1, 867808
0, 934784
0, 1000320
0, 1065856
0, 1131392
0, 1196928
0, 1262720
1, 867824
0, 934800
0, 1000336
0, 1065872
0, 1131408
0, 1196944
0, 1262736
1, 867840
0, 930496
0, 996032
0, 1061568
0, 1127104
0, 1192640
0, 1258432
0, 934816
0, 1000352
0, 1065888
0, 1131424
0, 1196960
0, 1262752
1, 867856
0, 934832
0, 1000368
0, 1065904
0, 1131440
0, 1196976
0, 1262768
1, 867872
0, 934848
0, 1000384
0, 1065920
0, 1131456
0, 1196992
0, 1262784
1, 867888
0, 934864
0, 1000400
0, 1065936
0, 1131472
0, 1197008
0, 1262800
1, 867904
0, 934880
0, 1000416
0, 1065952
0, 1131488
0, 1197024
0, 1262816
1, 867920
0, 934896
0, 1000432
0, 1065968
0, 1131504
0, 1197040
0, 1262832
1, 867936
0, 934912
0, 1000448
0, 1065984
0, 1131520
0, 1197056
0, 1262848
1, 867952
0, 934928
0, 1000464
0, 1066000
0, 1131536
0, 1197072
0, 1262864
1, 867968
0, 934944
0, 1000480
0, 1066016
0, 1131552
0, 1197088
0, 1262880
1, 867984
0, 934960
0, 1000496
0, 1066032
0, 1131568
0, 1197104
0, 1262896
1, 868000
6, 0
0, 930368
0, 995904
0, 1061440
0, 1126976
0, 1192512
0, 1258304
2, 6
0, 934976
0, 1000512
0, 1066048
0, 1131584
0, 1197120
0, 1262912
1, 868016
0, 934992
0, 1000528
0, 1066064
0, 1131600
0, 1197136
0, 1262928
1, 868032
0, 935008
0, 1000544
0, 1066080
0, 1131616
0, 1197152
0, 1262944
1, 868048
0, 935024
0, 1000560
0, 1066096
0, 1131632
0, 1197168
0, 1262960
1, 868064
0, 930432
0, 995968
0, 1061504
0, 1127040
0, 1192576
0, 1258368
0, 935040
0, 1000576
0, 1066112
0, 1131648
0, 1197184
0, 1262976
1, 868080
0, 935056
0, 1000592
0, 1066128
0, 1131664
0, 1197200
0, 1262992
1, 868096
0, 935072
0, 1000608
0, 1066144
0, 1131680
0, 1197216
0, 1263008
1, 868112
0, 935088
0, 1000624
0, 1066160
0, 1131696
0, 1197232
0, 1263024
1, 868128
0, 930496
0, 996032
0, 1061568
0, 1127104
0, 1192640
0, 1258432
0, 935104
0, 1000640
0, 1066176
0, 1131712
0, 1197248
0, 1263040
1, 868144
0, 935120
0, 1000656
0, 1066192
0, 1131728
0, 1197264
0, 1263056
1, 868160
0, 935136
0, 1000672
0, 1066208
0, 1131744
0, 1197280
0, 1263072
1, 868176
0, 935152
0, 1000688
0, 1066224
0, 1131760
0, 1197296
0, 1263088
1, 868192
0, 935168
0, 1000704
0, 1066240
0, 1131776
0, 1197312
0, 1263104
1, 868208
0, 935184
0, 1000720
0, 1066256
0, 1131792
0, 1197328
0, 1263120
1, 868224
0, 935200
0, 1000736
0, 1066272
0, 1131808
0, 1197344
0, 1263136
1, 868240
0, 935216
0, 1000752
0, 1066288
0, 1131824
0, 1197360
0, 1263152
1, 868256
0, 935232
0, 1000768
0, 1066304
0, 1131840
0, 1197376
0, 1263168
1, 868272
0, 935248
0, 1000784
0, 1066320
0, 1131856
0, 1197392
0, 1263184
1, 868288
6, 0
0, 930368
0, 995904
0, 1061440
0, 1126976
0, 1192512
0, 1258304
2, 6
0, 935264
0, 1000800
0, 1066336
0, 1131872
0, 1197408
0, 1263200
1, 868304
0, 935280
0, 1000816
0, 1066352
0, 1131888
0, 1197424
0, 1263216
1, 868320
0, 935296
0, 1000832
0, 1066368
0, 1131904
0, 1197440
0, 1263232
1, 868336
0, 935312
0, 1000848
0, 1066384
0, 1131920
0, 1197456
0, 1263248
1, 868352
0, 930432
0, 995968
0, 1061504
0, 1127040
0, 1192576
0, 1258368
0, 935328
0, 1000864
0, 1066400
0, 1131936
0, 1197472
0, 1263264
1, 868368
0, 935344
0, 1000880
0, 1066416
0, 1131952
0, 1197488
0, 1263280
1, 868384
0, 935360
0, 1000896
0, 1066432
0, 1131968
0, 1197504
0, 1263296
1, 868400
0, 935376
0, 1000912
0, 1066448
0, 1131984
0, 1197520
0, 1263312
1, 868416
0, 930496
0, 996032
0, 1061568
0, 1127104
0, 1192640
0, 1258432
0, 935392
0, 1000928
0, 1066464
0, 1132000
0, 1197536
0, 1263328
1, 868432
0, 935408
0, 1000944
0, 1066480
0, 1132016
0, 1197552
0, 1263344
1, 868448
0, 935424
0, 1000960
0, 1066496
0, 1132032
0, 1197568
0, 1263360
1, 868464
0, 935440
0, 1000976
0, 1066512
0, 1132048
0, 1197584
0, 1263376
1, 868480
0, 935456
0, 1000992
0, 1066528
0, 1132064
0, 1197600
0, 1263392
1, 868496
0, 935472
0, 1001008
0, 1066544
0, 1132080
0, 1197616
0, 1263408
1, 868512
0, 935488
0, 1001024
0, 1066560
0, 1132096
0, 1197632
0, 1263424
1, 868528
0, 935504
0, 1001040
0, 1066576
0, 1132112
0, 1197648
0, 1263440
1, 868544
0, 935520
0, 1001056
0, 1066592
0, 1132128
0, 1197664
0, 1263456
1, 868560
0, 935536
0, 1001072
0, 1066608
0, 1132144
0, 1197680
0, 1263472
1, 868576
6, 0
0, 930368
0, 995904
0, 1061440
0, 1126976
0, 1192512
0, 1258304
2, 6
0, 935552
0, 1001088
0, 1066624
0, 1132160
0, 1197696
0, 1263488
1, 868592
0, 935568
0, 1001104
0, 1066640
0, 1132176
0, 1197712
0, 1263504
1, 868608
0, 935584
0, 1001120
0, 1066656
0, 1132192
0, 1197728
0, 1263520
1, 868624
0, 935600
0, 1001136
0, 1066672
0, 1132208
0, 1197744
0, 1263536
1, 868640
0, 930432
0, 995968
0, 1061504
0, 1127040
0, 1192576
0, 1258368
0, 935616
0, 1001152
0, 1066688
0, 1132224
0, 1197760
0, 1263552
1, 868656
0, 935632
0, 1001168
0, 1066704
0, 1132240
0, 1197776
0, 1263568
1, 868672
0, 935648
0, 1001184
0, 1066720
0, 1132256
0, 1197792
0, 1263584
1, 868688
0, 935664
0, 1001200
0, 1066736
0, 1132272
0, 1197808
0, 1263600
1, 868704
0, 930496
0, 996032
0, 1061568
0, 1127104
0, 1192640
0, 1258432
0, 935680
0, 1001216
0, 1066752
0, 1132288
0, 1197824
0, 1263616
1, 868720
0, 935696
0, 1001232
0, 1066768
0, 1132304
0, 1197840
0, 1263632
1, 868736
0, 935712
0, 1001248
0, 1066784
0, 1132320
0, 1197856
0, 1263648
1, 868752
0, 935728
0, 1001264
0, 1066800
0, 1132336
0, 1197872
0, 1263664
1, 868768
0, 935744
0, 1001280
0, 1066816
0, 1132352
0, 1197888
0, 1263680
1, 868784
0, 935760
0, 1001296
0, 1066832
0, 1132368
0, 1197904
0, 1263696
1, 868800
0, 935776
0, 1001312
0, 1066848
0, 1132384
0, 1197920
0, 1263712
1, 868816
0, 935792
0, 1001328
0, 1066864
0, 1132400
0, 1197936
0, 1263728
1, 868832
0, 935808
0, 1001344
0, 1066880
0, 1132416
0, 1197952
0, 1263744
1, 868848
0, 935824
0, 1001360
0, 1066896
0, 1132432
0, 1197968
0, 1263760
1, 868864
6, 0
0, 930368
0, 995904
0, 1061440
0, 1126976
0, 1192512
0, 1258304
2, 6
0, 935840
0, 1001376
0, 1066912
0, 1132448
0, 1197984
0, 1263776
1, 868880
0, 935856
0, 1001392
0, 1066928
0, 1132464
0, 1198000
0, 1263792
1, 868896
0, 935872
0, 1001408
0, 1066944
0, 1132480
0, 1198016
0, 1263808
1, 868912
0, 935888
0, 1001424
0, 1066960
0, 1132496
0, 1198032
0, 1263824
1, 868928
0, 930432
0, 995968
0, 1061504
0, 1127040
0, 1192576
0, 1258368
0, 935904
0, 1001440
0, 1066976
0, 1132512
0, 1198048
0, 1263840
1, 868944
0, 935920
0, 1001456
0, 1066992
0, 1132528
0, 1198064
0, 1263856
1, 868960
0, 935936
0, 1001472
0, 1067008
0, 1132544
0, 1198080
0, 1263872
1, 868976
0, 935952
0, 1001488
0, 1067024
0, 1132560
0, 1198096
0, 1263888
1, 868992
0, 930496
0, 996032
0, 1061568
0, 1127104
0, 1192640
0, 1258432
0, 935968
0, 1001504
0, 1067040
0, 1132576
0, 1198112
0, 1263904
1, 869008
0, 935984
0, 1001520
0, 1067056
0, 1132592
0, 1198128
0, 1263920
1, 869024
0, 936000
0, 1001536
0, 1067072
0, 1132608
0, 1198144
0, 1263936
1, 869040
0, 936016
0, 1001552
0, 1067088
0, 1132624
0, 1198160
0, 1263952
1, 869056
0, 936032
0, 1001568
0, 1067104
0, 1132640
0, 1198176
0, 1263968
1, 869072
0, 936048
0, 1001584
0, 1067120
0, 1132656
0, 1198192
0, 1263984
1, 869088
0, 936064
0, 1001600
0, 1067136
0, 1132672
0, 1198208
0, 1264000
1, 869104
0, 936080
0, 1001616
0, 1067152
0, 1132688
0, 1198224
0, 1264016
1, 869120
0, 936096
0, 1001632
0, 1067168
0, 1132704
0, 1198240
0, 1264032
1, 869136
0, 936112
0, 1001648
0, 1067184
0, 1132720
0, 1198256
0, 1264048
1, 869152
6, 0
0, 930368
0, 995904
0, 1061440
0, 1126976
0, 1192512
0, 1258304
2, 6
0, 936128
0, 1001664
0, 1067200
0, 1132736
0, 1198272
0, 1264064
1, 869168
0, 936144
0, 1001680
0, 1067216
0, 1132752
0, 1198288
0, 1264080
1, 869184
0, 936160
0, 1001696
0, 1067232
0, 1132768
0, 1198304
0, 1264096
1, 869200
0, 936176
0, 1001712
0, 1067248
0, 1132784
0, 1198320
0, 1264112
1, 869216
0, 930432
0, 995968
0, 1061504
0, 1127040
0, 1192576
0, 1258368
0, 936192
0, 1001728
0, 1067264
0, 1132800
0, 1198336
0, 1264128
1, 869232
0, 936208
0, 1001744
0, 1067280
0, 1132816
0, 1198352
0, 1264144
1, 869248
0, 936224
0, 1001760
0, 1067296
0, 1132832
0, 1198368
0, 1264160
1, 869264
0, 936240
0, 1001776
0, 1067312
0, 1132848
0, 1198384
0, 1264176
1, 869280
0, 930496
0, 996032
0, 1061568
0, 1127104
0, 1192640
0, 1258432
0, 936256
0, 1001792
0, 1067328
0, 1132864
0, 1198400
0, 1264192
1, 869296
0, 936272
0, 1001808
0, 1067344
0, 1132880
0, 1198416
0, 1264208
1, 869312
0, 936288
0, 1001824
0, 1067360
0, 1132896
0, 1198432
0, 1264224
1, 869328
0, 936304
0, 1001840
0, 1067376
0, 1132912
0, 1198448
0, 1264240
1, 869344
0, 936320
0, 1001856
0, 1067392
0, 1132928
0, 1198464
0, 1264256
1, 869360
0, 936336
0, 1001872
0, 1067408
0, 1132944
0, 1198480
0, 1264272
1, 869376
0, 936352
0, 1001888
0, 1067424
0, 1132960
0, 1198496
0, 1264288
1, 869392
0, 936368
0, 1001904
0, 1067440
0, 1132976
0, 1198512
0, 1264304
1, 869408
0, 936384
0, 1001920
0, 1067456
0, 1132992
0, 1198528
0, 1264320
1, 869424
0, 936400
0, 1001936
0, 1067472
0, 1133008
0, 1198544
0, 1264336
1, 869440
6, 0
0, 930368
0, 995904
0, 1061440
0, 1126976
0, 1192512
0, 1258304
2, 6
0, 936416
0, 1001952
0, 1067488
0, 1133024
0, 1198560
0, 1264352
1, 869456
0, 936432
0, 1001968
0, 1067504
0, 1133040
0, 1198576
0, 1264368
1, 869472
0, 936448
0, 1001984
0, 1067520
0, 1133056
0, 1198592
0, 1264384
1, 869488
0, 936464
0, 1002000
0, 1067536
0, 1133072
0, 1198608
0, 1264400
1, 869504
0, 930432
0, 995968
0, 1061504
0, 1127040
0, 1192576
0, 1258368
0, 936480
0, 1002016
0, 1067552
0, 1133088
0, 1198624
0, 1264416
1, 869520
0, 936496
0, 1002032
0, 1067568
0, 1133104
0, 1198640
0, 1264432
1, 869536
0, 936512
0, 1002048
0, 1067584
0, 1133120
0, 1198656
0, 1264448
1, 869552
0, 936528
0, 1002064
0, 1067600
0, 1133136
0, 1198672
0, 1264464
1, 869568
0, 930496
0, 996032
0, 1061568
0, 1127104
0, 1192640
0, 1258432
0, 936544
0, 1002080
0, 1067616
0, 1133152
0, 1198688
0, 1264480
1, 869584
0, 936560
0, 1002096
0, 1067632
0, 1133168
0, 1198704
0, 1264496
1, 869600
0, 936576
0, 1002112
0, 1067648
0, 1133184
0, 1198720
0, 1264512
1, 869616
0, 936592
0, 1002128
0, 1067664
0, 1133200
0, 1198736
0, 1264528
1, 869632
0, 936608
0, 1002144
0, 1067680
0, 1133216
0, 1198752
0, 1264544
1, 869648
0, 936624
0, 1002160
0, 1067696
0, 1133232
0, 1198768
0, 1264560
1, 869664
0, 936640
0, 1002176
0, 1067712
0, 1133248
0, 1198784
0, 1264576
1, 869680
0, 936656
0, 1002192
0, 1067728
0, 1133264
0, 1198800
0, 1264592
1, 869696
0, 936672
0, 1002208
0, 1067744
0, 1133280
0, 1198816
0, 1264608
1, 869712
0, 936688
0, 1002224
0, 1067760
0, 1133296
0, 1198832
0, 1264624
1, 869728
6, 0
0, 930368
0, 995904
0, 1061440
0, 1126976
0, 1192512
0, 1258304
2, 6
0, 936704
0, 1002240
0, 1067776
0, 1133312
0, 1198848
0, 1264640
1, 869744
0, 936720
0, 1002256
0, 1067792
0, 1133328
0, 1198864
0, 1264656
1, 869760
0, 936736
0, 1002272
0, 1067808
0, 1133344
0, 1198880
0, 1264672
1, 869776
0, 936752
0, 1002288
0, 1067824
0, 1133360
0, 1198896
0, 1264688
1, 869792
0, 930432
0, 995968
0, 1061504
0, 1127040
0, 1192576
0, 1258368
0, 936768
0, 1002304
0, 1067840
0, 1133376
0, 1198912
0, 1264704
1, 869808
0, 936784
0, 1002320
0, 1067856
0, 1133392
0, 1198928
0, 1264720
1, 869824
0, 936800
0, 1002336
0, 1067872
0, 1133408
0, 1198944
0, 1264736
1, 869840
0, 936816
0, 1002352
0, 1067888
0, 1133424
0, 1198960
0, 1264752
1, 869856
0, 930496
0, 996032
0, 1061568
0, 1127104
0, 1192640
0, 1258432
0, 936832
0, 1002368
0, 1067904
0, 1133440
0, 1198976
0, 1264768
1, 869872
0, 936848
0, 1002384
0, 1067920
0, 1133456
0, 1198992
0, 1264784
1, 869888
0, 936864
0, 1002400
0, 1067936
0, 1133472
0, 1199008
0, 1264800
1, 869904
0, 936880
0, 1002416
0, 1067952
0, 1133488
0, 1199024
0, 1264816
1, 869920
0, 936896
0, 1002432
0, 1067968
0, 1133504
0, 1199040
0, 1264832
1, 869936
0, 936912
0, 1002448
0, 1067984
0, 1133520
0, 1199056
0, 1264848
1, 869952
0, 936928
0, 1002464
0, 1068000
0, 1133536
0, 1199072
0, 1264864
1, 869968
0, 936944
0, 1002480
0, 1068016
0, 1133552
0, 1199088
0, 1264880
1, 869984
0, 936960
0, 1002496
0, 1068032
0, 1133568
0, 1199104
0, 1264896
1, 870000
0, 936976
0, 1002512
0, 1068048
0, 1133584
0, 1199120
0, 1264912
1, 870016
6, 0
0, 930368
0, 995904
0, 1061440
0, 1126976
0, 1192512
0, 1258304
2, 6
0, 936992
0, 1002528
0, 1068064
0, 1133600
0, 1199136
0, 1264928
1, 870032
0, 937008
0, 1002544
0, 1068080
0, 1133616
0, 1199152
0, 1264944
1, 870048
0, 937024
0, 1002560
0, 1068096
0, 1133632
0, 1199168
0, 1264960
1, 870064
0, 937040
0, 1002576
0, 1068112
0, 1133648
0, 1199184
0, 1264976
1, 870080
0, 930432
0, 995968
0, 1061504
0, 1127040
0, 1192576
0, 1258368
0, 937056
0, 1002592
0, 1068128
0, 1133664
0, 1199200
0, 1264992
1, 870096
0, 937072
0, 1002608
0, 1068144
0, 1133680
0, 1199216
0, 1265008
1, 870112
0, 937088
0, 1002624
0, 1068160
0, 1133696
0, 1199232
0, 1265024
1, 870128
0, 937104
0, 1002640
0, 1068176
0, 1133712
0, 1199248
0, 1265040
1, 870144
0, 930496
0, 996032
0, 1061568
0, 1127104
0, 1192640
0, 1258432
0, 937120
0, 1002656
0, 1068192
0, 1133728
0, 1199264
0, 1265056
1, 870160
0, 937136
0, 1002672
0, 1068208
0, 1133744
0, 1199280
0, 1265072
1, 870176
0, 937152
0, 1002688
0, 1068224
0, 1133760
0, 1199296
0, 1265088
1, 870192
0, 937168
0, 1002704
0, 1068240
0, 1133776
0, 1199312
0, 1265104
1, 870208
0, 937184
0, 1002720
0, 1068256
0, 1133792
0, 1199328
0, 1265120
1, 870224
0, 937200
0, 1002736
0, 1068272
0, 1133808
0, 1199344
0, 1265136
1, 870240
0, 937216
0, 1002752
0, 1068288
0, 1133824
0, 1199360
0, 1265152
1, 870256
0, 937232
0, 1002768
0, 1068304
0, 1133840
0, 1199376
0, 1265168
1, 870272
0, 937248
0, 1002784
0, 1068320
0, 1133856
0, 1199392
0, 1265184
1, 870288
0, 937264
0, 1002800
0, 1068336
0, 1133872
0, 1199408
0, 1265200
1, 870304
6, 0
0, 930368
0, 995904
0, 1061440
0, 1126976
0, 1192512
0, 1258304
2, 6
0, 937280
0, 1002816
0, 1068352
0, 1133888
0, 1199424
0, 1265216
1, 870320
0, 937296
0, 1002832
0, 1068368
0, 1133904
0, 1199440
0, 1265232
1, 870336
0, 937312
0, 1002848
0, 1068384
0, 1133920
0, 1199456
0, 1265248
1, 870352
0, 937328
0, 1002864
0, 1068400
0, 1133936
0, 1199472
0, 1265264
1, 870368
0, 930432
0, 995968
0, 1061504
0, 1127040
0, 1192576
0, 1258368
0, 937344
0, 1002880
0, 1068416
0, 1133952
0, 1199488
0, 1265280
1, 870384
0, 937360
0, 1002896
0, 1068432
0, 1133968
0, 1199504
0, 1265296
1, 870400
0, 937376
0, 1002912
0, 1068448
0, 1133984
0, 1199520
0, 1265312
1, 870416
0, 937392
0, 1002928
0, 1068464
0, 1134000
0, 1199536
0, 1265328
1, 870432
0, 930496
0, 996032
0, 1061568
0, 1127104
0, 1192640
0, 1258432
0, 937408
0, 1002944
0, 1068480
0, 1134016
0, 1199552
0, 1265344
1, 870448
0, 937424
0, 1002960
0, 1068496
0, 1134032
0, 1199568
0, 1265360
1, 870464
0, 937440
0, 1002976
0, 1068512
0, 1134048
0, 1199584
0, 1265376
1, 870480
0, 937456
0, 1002992
0, 1068528
0, 1134064
0, 1199600
0, 1265392
1, 870496
0, 937472
0, 1003008
0, 1068544
0, 1134080
0, 1199616
0, 1265408
1, 870512
0, 937488
0, 1003024
0, 1068560
0, 1134096
0, 1199632
0, 1265424
1, 870528
0, 937504
0, 1003040
0, 1068576
0, 1134112
0, 1199648
0, 1265440
1, 870544
0, 937520
0, 1003056
0, 1068592
0, 1134128
0, 1199664
0, 1265456
1, 870560
0, 937536
0, 1003072
0, 1068608
0, 1134144
0, 1199680
0, 1265472
1, 870576
0, 937552
0, 1003088
0, 1068624
0, 1134160
0, 1199696
0, 1265488
1, 870592
6, 0
0, 930368
0, 995904
0, 1061440
0, 1126976
0, 1192512
0, 1258304
2, 6
0, 937568
0, 1003104
0, 1068640
0, 1134176
0, 1199712
0, 1265504
1, 870608
0, 937584
0, 1003120
0, 1068656
0, 1134192
0, 1199728
0, 1265520
1, 870624
0, 937600
0, 1003136
0, 1068672
0, 1134208
0, 1199744
0, 1265536
1, 870640
0, 937616
0, 1003152
0, 1068688
0, 1134224
0, 1199760
0, 1265552
1, 870656
0, 930432
0, 995968
0, 1061504
0, 1127040
0, 1192576
0, 1258368
0, 937632
0, 1003168
0, 1068704
0, 1134240
0, 1199776
0, 1265568
1, 870672
0, 937648
0, 1003184
0, 1068720
0, 1134256
0, 1199792
0, 1265584
1, 870688
0, 937664
0, 1003200
0, 1068736
0, 1134272
0, 1199808
0, 1265600
1, 870704
0, 937680
0, 1003216
0, 1068752
0, 1134288
0, 1199824
0, 1265616
1, 870720
0, 930496
0, 996032
0, 1061568
0, 1127104
0, 1192640
0, 1258432
0, 937696
0, 1003232
0, 1068768
0, 1134304
0, 1199840
0, 1265632
1, 870736
0, 937712
0, 1003248
0, 1068784
0, 1134320
0, 1199856
0, 1265648
1, 870752
0, 937728
0, 1003264
0, 1068800
0, 1134336
0, 1199872
0, 1265664
1, 870768
0, 937744
0, 1003280
0, 1068816
0, 1134352
0, 1199888
0, 1265680
1, 870784
0, 937760
0, 1003296
0, 1068832
0, 1134368
0, 1199904
0, 1265696
1, 870800
0, 937776
0, 1003312
0, 1068848
0, 1134384
0, 1199920
0, 1265712
1, 870816
0, 937792
0, 1003328
0, 1068864
0, 1134400
0, 1199936
0, 1265728
1, 870832
0, 937808
0, 1003344
0, 1068880
0, 1134416
0, 1199952
0, 1265744
1, 870848
0, 937824
0, 1003360
0, 1068896
0, 1134432
0, 1199968
0, 1265760
1, 870864
0, 937840
0, 1003376
0, 1068912
0, 1134448
0, 1199984
0, 1265776
1, 870880
6, 0
0, 930368
0, 995904
0, 1061440
0, 1126976
0, 1192512
0, 1258304
2, 6
0, 937856
0, 1003392
0, 1068928
0, 1134464
0, 1200000
0, 1265792
1, 870896
0, 937872
0, 1003408
0, 1068944
0, 1134480
0, 1200016
0, 1265808
1, 870912
0, 937888
0, 1003424
0, 1068960
0, 1134496
0, 1200032
0, 1265824
1, 870928
0, 937904
0, 1003440
0, 1068976
0, 1134512
0, 1200048
0, 1265840
1, 870944
0, 930432
0, 995968
0, 1061504
0, 1127040
0, 1192576
0, 1258368
0, 937920
0, 1003456
0, 1068992
0, 1134528
0, 1200064
0, 1265856
1, 870960
0, 937936
0, 1003472
0, 1069008
0, 1134544
0, 1200080
0, 1265872
1, 870976
0, 937952
0, 1003488
0, 1069024
0, 1134560
0, 1200096
0, 1265888
1, 870992
0, 937968
0, 1003504
0, 1069040
0, 1134576
0, 1200112
0, 1265904
1, 871008
0, 930496
0, 996032
0, 1061568
0, 1127104
0, 1192640
0, 1258432
0, 937984
0, 1003520
0, 1069056
0, 1134592
0, 1200128
0, 1265920
1, 871024
0, 938000
0, 1003536
0, 1069072
0, 1134608
0, 1200144
0, 1265936
1, 871040
0, 938016
0, 1003552
0, 1069088
0, 1134624
0, 1200160
0, 1265952
1, 871056
0, 938032
0, 1003568
0, 1069104
0, 1134640
0, 1200176
0, 1265968
1, 871072
0, 938048
0, 1003584
0, 1069120
0, 1134656
0, 1200192
0, 1265984
1, 871088
0, 938064
0, 1003600
0, 1069136
0, 1134672
0, 1200208
0, 1266000
1, 871104
0, 938080
0, 1003616
0, 1069152
0, 1134688
0, 1200224
0, 1266016
1, 871120
0, 938096
0, 1003632
0, 1069168
0, 1134704
0, 1200240
0, 1266032
1, 871136
0, 938112
0, 1003648
0, 1069184
0, 1134720
0, 1200256
0, 1266048
1, 871152
0, 938128
0, 1003664
0, 1069200
0, 1134736
0, 1200272
0, 1266064
1, 871168
6, 0
0, 930368
0, 995904
0, 1061440
0, 1126976
0, 1192512
0, 1258304
2, 6
0, 938144
0, 1003680
0, 1069216
0, 1134752
0, 1200288
0, 1266080
1, 871184
0, 938160
0, 1003696
0, 1069232
0, 1134768
0, 1200304
0, 1266096
1, 871200
0, 938176
0, 1003712
0, 1069248
0, 1134784
0, 1200320
0, 1266112
1, 871216
0, 938192
0, 1003728
0, 1069264
0, 1134800
0, 1200336
0, 1266128
1, 871232
0, 930432
0, 995968
0, 1061504
0, 1127040
0, 1192576
0, 1258368
0, 938208
0, 1003744
0, 1069280
0, 1134816
0, 1200352
0, 1266144
1, 871248
0, 938224
0, 1003760
0, 1069296
0, 1134832
0, 1200368
0, 1266160
1, 871264
0, 938240
0, 1003776
0, 1069312
0, 1134848
0, 1200384
0, 1266176
1, 871280
0, 938256
0, 1003792
0, 1069328
0, 1134864
0, 1200400
0, 1266192
1, 871296
0, 930496
0, 996032
0, 1061568
0, 1127104
0, 1192640
0, 1258432
0, 938272
0, 1003808
0, 1069344
0, 1134880
0, 1200416
0, 1266208
1, 871312
0, 938288
0, 1003824
0, 1069360
0, 1134896
0, 1200432
0, 1266224
1, 871328
0, 938304
0, 1003840
0, 1069376
0, 1134912
0, 1200448
0, 1266240
1, 871344
0, 938320
0, 1003856
0, 1069392
0, 1134928
0, 1200464
0, 1266256
1, 871360
0, 938336
0, 1003872
0, 1069408
0, 1134944
0, 1200480
0, 1266272
1, 871376
0, 938352
0, 1003888
0, 1069424
0, 1134960
0, 1200496
0, 1266288
1, 871392
0, 938368
0, 1003904
0, 1069440
0, 1134976
0, 1200512
0, 1266304
1, 871408
0, 938384
0, 1003920
0, 1069456
0, 1134992
0, 1200528
0, 1266320
1, 871424
0, 938400
0, 1003936
0, 1069472
0, 1135008
0, 1200544
0, 1266336
1, 871440
0, 938416
0, 1003952
0, 1069488
0, 1135024
0, 1200560
0, 1266352
1, 871456
6, 0
0, 930368
0, 995904
0, 1061440
0, 1126976
0, 1192512
0, 1258304
2, 6
0, 938432
0, 1003968
0, 1069504
0, 1135040
0, 1200576
0, 1266368
1, 871472
0, 938448
0, 1003984
0, 1069520
0, 1135056
0, 1200592
0, 1266384
1, 871488
0, 938464
0, 1004000
0, 1069536
0, 1135072
0, 1200608
0, 1266400
1, 871504
0, 938480
0, 1004016
0, 1069552
0, 1135088
0, 1200624
0, 1266416
1, 871520
0, 930432
0, 995968
0, 1061504
0, 1127040
0, 1192576
0, 1258368
0, 938496
0, 1004032
0, 1069568
0, 1135104
0, 1200640
0, 1266432
1, 871536
0, 938512
0, 1004048
0, 1069584
0, 1135120
0, 1200656
0, 1266448
1, 871552
0, 938528
0, 1004064
0, 1069600
0, 1135136
0, 1200672
0, 1266464
1, 871568
0, 938544
0, 1004080
0, 1069616
0, 1135152
0, 1200688
0, 1266480
1, 871584
0, 930496
0, 996032
0, 1061568
0, 1127104
0, 1192640
0, 1258432
0, 938560
0, 1004096
0, 1069632
0, 1135168
0, 1200704
0, 1266496
1, 871600
0, 938576
0, 1004112
0, 1069648
0, 1135184
0, 1200720
0, 1266512
1, 871616
0, 938592
0, 1004128
0, 1069664
0, 1135200
0, 1200736
0, 1266528
1, 871632
0, 938608
0, 1004144
0, 1069680
0, 1135216
0, 1200752
0, 1266544
1, 871648
0, 938624
0, 1004160
0, 1069696
0, 1135232
0, 1200768
0, 1266560
1, 871664
0, 938640
0, 1004176
0, 1069712
0, 1135248
0, 1200784
0, 1266576
1, 871680
0, 938656
0, 1004192
0, 1069728
0, 1135264
0, 1200800
0, 1266592
1, 871696
0, 938672
0, 1004208
0, 1069744
0, 1135280
0, 1200816
0, 1266608
1, 871712
0, 938688
0, 1004224
0, 1069760
0, 1135296
0, 1200832
0, 1266624
1, 871728
0, 938704
0, 1004240
0, 1069776
0, 1135312
0, 1200848
0, 1266640
1, 871744
6, 0
0, 930368
0, 995904
0, 1061440
0, 1126976
0, 1192512
0, 1258304
2, 6
0, 938720
0, 1004256
0, 1069792
0, 1135328
0, 1200864
0, 1266656
1, 871760
0, 938736
0, 1004272
0, 1069808
0, 1135344
0, 1200880
0, 1266672
1, 871776
0, 938752
0, 1004288
0, 1069824
0, 1135360
0, 1200896
0, 1266688
1, 871792
0, 938768
0, 1004304
0, 1069840
0, 1135376
0, 1200912
0, 1266704
1, 871808
0, 930432
0, 995968
0, 1061504
0, 1127040
0, 1192576
0, 1258368
0, 938784
0, 1004320
0, 1069856
0, 1135392
0, 1200928
0, 1266720
1, 871824
0, 938800
0, 1004336
0, 1069872
0, 1135408
0, 1200944
0, 1266736
1, 871840
0, 938816
0, 1004352
0, 1069888
0, 1135424
0, 1200960
0, 1266752
1, 871856
0, 938832
0, 1004368
0, 1069904
0, 1135440
0, 1200976
0, 1266768
1, 871872
0, 930496
0, 996032
0, 1061568
0, 1127104
0, 1192640
0, 1258432
0, 938848
0, 1004384
0, 1069920
0, 1135456
0, 1200992
0, 1266784
1, 871888
0, 938864
0, 1004400
0, 1069936
0, 1135472
0, 1201008
0, 1266800
1, 871904
0, 938880
0, 1004416
0, 1069952
0, 1135488
0, 1201024
0, 1266816
1, 871920
0, 938896
0, 1004432
0, 1069968
0, 1135504
0, 1201040
0, 1266832
1, 871936
0, 938912
0, 1004448
0, 1069984
0, 1135520
0, 1201056
0, 1266848
1, 871952
0, 938928
0, 1004464
0, 1070000
0, 1135536
0, 1201072
0, 1266864
1, 871968
0, 938944
0, 1004480
0, 1070016
0, 1135552
0, 1201088
0, 1266880
1, 871984
0, 938960
0, 1004496
0, 1070032
0, 1135568
0, 1201104
0, 1266896
1, 872000
0, 938976
0, 1004512
0, 1070048
0, 1135584
0, 1201120
0, 1266912
1, 872016
0, 938992
0, 1004528
0, 1070064
0, 1135600
0, 1201136
0, 1266928
1, 872032
6, 0
0, 930368
0, 995904
0, 1061440
0, 1126976
0, 1192512
0, 1258304
2, 6
0, 939008
0, 1004544
0, 1070080
0, 1135616
0, 1201152
0, 1266944
1, 872048
0, 939024
0, 1004560
0, 1070096
0, 1135632
0, 1201168
0, 1266960
1, 872064
0, 939040
0, 1004576
0, 1070112
0, 1135648
0, 1201184
0, 1266976
1, 872080
0, 939056
0, 1004592
0, 1070128
0, 1135664
0, 1201200
0, 1266992
1, 872096
0, 930432
0, 995968
0, 1061504
0, 1127040
0, 1192576
0, 1258368
0, 939072
0, 1004608
0, 1070144
0, 1135680
0, 1201216
0, 1267008
1, 872112
0, 939088
0, 1004624
0, 1070160
0, 1135696
0, 1201232
0, 1267024
1, 872128
0, 939104
0, 1004640
0, 1070176
0, 1135712
0, 1201248
0, 1267040
1, 872144
0, 939120
0, 1004656
0, 1070192
0, 1135728
0, 1201264
0, 1267056
1, 872160
0, 930496
0, 996032
0, 1061568
0, 1127104
0, 1192640
0, 1258432
0, 939136
0, 1004672
0, 1070208
0, 1135744
0, 1201280
0, 1267072
1, 872176
0, 939152
0, 1004688
0, 1070224
0, 1135760
0, 1201296
0, 1267088
1, 872192
0, 939168
0, 1004704
0, 1070240
0, 1135776
0, 1201312
0, 1267104
1, 872208
0, 939184
0, 1004720
0, 1070256
0, 1135792
0, 1201328
0, 1267120
1, 872224
0, 939200
0, 1004736
0, 1070272
0, 1135808
0, 1201344
0, 1267136
1, 872240
0, 939216
0, 1004752
0, 1070288
0, 1135824
0, 1201360
0, 1267152
1, 872256
0, 939232
0, 1004768
0, 1070304
0, 1135840
0, 1201376
0, 1267168
1, 872272
0, 939248
0, 1004784
0, 1070320
0, 1135856
0, 1201392
0, 1267184
1, 872288
0, 939264
0, 1004800
0, 1070336
0, 1135872
0, 1201408
0, 1267200
1, 872304
0, 939280
0, 1004816
0, 1070352
0, 1135888
0, 1201424
0, 1267216
1, 872320
6, 0
0, 930368
0, 995904
0, 1061440
0, 1126976
0, 1192512
0, 1258304
2, 6
0, 939296
0, 1004832
0, 1070368
0, 1135904
0, 1201440
0, 1267232
1, 872336
0, 939312
0, 1004848
0, 1070384
0, 1135920
0, 1201456
0, 1267248
1, 872352
0, 939328
0, 1004864
0, 1070400
0, 1135936
0, 1201472
0, 1267264
1, 872368
0, 939344
0, 1004880
0, 1070416
0, 1135952
0, 1201488
0, 1267280
1, 872384
0, 930432
0, 995968
0, 1061504
0, 1127040
0, 1192576
0, 1258368
0, 939360
0, 1004896
0, 1070432
0, 1135968
0, 1201504
0, 1267296
1, 872400
0, 939376
0, 1004912
0, 1070448
0, 1135984
0, 1201520
0, 1267312
1, 872416
0, 939392
0, 1004928
0, 1070464
0, 1136000
0, 1201536
0, 1267328
1, 872432
0, 939408
0, 1004944
0, 1070480
0, 1136016
0, 1201552
0, 1267344
1, 872448
0, 930496
0, 996032
0, 1061568
0, 1127104
0, 1192640
0, 1258432
0, 939424
0, 1004960
0, 1070496
0, 1136032
0, 1201568
0, 1267360
1, 872464
0, 939440
0, 1004976
0, 1070512
0, 1136048
0, 1201584
0, 1267376
1, 872480
0, 939456
0, 1004992
0, 1070528
0, 1136064
0, 1201600
0, 1267392
1, 872496
0, 939472
0, 1005008
0, 1070544
0, 1136080
0, 1201616
0, 1267408
1, 872512
0, 939488
0, 1005024
0, 1070560
0, 1136096
0, 1201632
0, 1267424
1, 872528
0, 939504
0, 1005040
0, 1070576
0, 1136112
0, 1201648
0, 1267440
1, 872544
0, 939520
0, 1005056
0, 1070592
0, 1136128
0, 1201664
0, 1267456
1, 872560
0, 939536
0, 1005072
0, 1070608
0, 1136144
0, 1201680
0, 1267472
1, 872576
0, 939552
0, 1005088
0, 1070624
0, 1136160
0, 1201696
0, 1267488
1, 872592
0, 939568
0, 1005104
0, 1070640
0, 1136176
0, 1201712
0, 1267504
1, 872608
6, 0
0, 930368
0, 995904
0, 1061440
0, 1126976
0, 1192512
0, 1258304
2, 6
0, 939584
0, 1005120
0, 1070656
0, 1136192
0, 1201728
0, 1267520
1, 872624
0, 939600
0, 1005136
0, 1070672
0, 1136208
0, 1201744
0, 1267536
1, 872640
0, 939616
0, 1005152
0, 1070688
0, 1136224
0, 1201760
0, 1267552
1, 872656
0, 939632
0, 1005168
0, 1070704
0, 1136240
0, 1201776
0, 1267568
1, 872672
0, 930432
0, 995968
0, 1061504
0, 1127040
0, 1192576
0, 1258368
0, 939648
0, 1005184
0, 1070720
0, 1136256
0, 1201792
0, 1267584
1, 872688
0, 939664
0, 1005200
0, 1070736
0, 1136272
0, 1201808
0, 1267600
1, 872704
0, 939680
0, 1005216
0, 1070752
0, 1136288
0, 1201824
0, 1267616
1, 872720
0, 939696
0, 1005232
0, 1070768
0, 1136304
0, 1201840
0, 1267632
1, 872736
0, 930496
0, 996032
0, 1061568
0, 1127104
0, 1192640
0, 1258432
0, 939712
0, 1005248
0, 1070784
0, 1136320
0, 1201856
0, 1267648
1, 872752
0, 939728
0, 1005264
0, 1070800
0, 1136336
0, 1201872
0, 1267664
1, 872768
0, 939744
0, 1005280
0, 1070816
0, 1136352
0, 1201888
0, 1267680
1, 872784
0, 939760
0, 1005296
0, 1070832
0, 1136368
0, 1201904
0, 1267696
1, 872800
0, 939776
0, 1005312
0, 1070848
0, 1136384
0, 1201920
0, 1267712
1, 872816
0, 939792
0, 1005328
0, 1070864
0, 1136400
0, 1201936
0, 1267728
1, 872832
0, 939808
0, 1005344
0, 1070880
0, 1136416
0, 1201952
0, 1267744
1, 872848
0, 939824
0, 1005360
0, 1070896
0, 1136432
0, 1201968
0, 1267760
1, 872864
0, 939840
0, 1005376
0, 1070912
0, 1136448
0, 1201984
0, 1267776
1, 872880
0, 939856
0, 1005392
0, 1070928
0, 1136464
0, 1202000
0, 1267792
1, 872896
6, 0
0, 930368
0, 995904
0, 1061440
0, 1126976
0, 1192512
0, 1258304
2, 6
0, 939872
0, 1005408
0, 1070944
0, 1136480
0, 1202016
0, 1267808
1, 872912
0, 939888
0, 1005424
0, 1070960
0, 1136496
0, 1202032
0, 1267824
1, 872928
0, 939904
0, 1005440
0, 1070976
0, 1136512
0, 1202048
0, 1267840
1, 872944
0, 939920
0, 1005456
0, 1070992
0, 1136528
0, 1202064
0, 1267856
1, 872960
0, 930432
0, 995968
0, 1061504
0, 1127040
0, 1192576
0, 1258368
0, 939936
0, 1005472
0, 1071008
0, 1136544
0, 1202080
0, 1267872
1, 872976
0, 939952
0, 1005488
0, 1071024
0, 1136560
0, 1202096
0, 1267888
1, 872992
0, 939968
0, 1005504
0, 1071040
0, 1136576
0, 1202112
0, 1267904
1, 873008
0, 939984
0, 1005520
0, 1071056
0, 1136592
0, 1202128
0, 1267920
1, 873024
0, 930496
0, 996032
0, 1061568
0, 1127104
0, 1192640
0, 1258432
0, 940000
0, 1005536
0, 1071072
0, 1136608
0, 1202144
0, 1267936
1, 873040
0, 940016
0, 1005552
0, 1071088
0, 1136624
0, 1202160
0, 1267952
1, 873056
0, 940032
0, 1005568
0, 1071104
0, 1136640
0, 1202176
0, 1267968
1, 873072
0, 940048
0, 1005584
0, 1071120
0, 1136656
0, 1202192
0, 1267984
1, 873088
0, 940064
0, 1005600
0, 1071136
0, 1136672
0, 1202208
0, 1268000
1, 873104
0, 940080
0, 1005616
0, 1071152
0, 1136688
0, 1202224
0, 1268016
1, 873120
0, 940096
0, 1005632
0, 1071168
0, 1136704
0, 1202240
0, 1268032
1, 873136
0, 940112
0, 1005648
0, 1071184
0, 1136720
0, 1202256
0, 1268048
1, 873152
0, 940128
0, 1005664
0, 1071200
0, 1136736
0, 1202272
0, 1268064
1, 873168
0, 940144
0, 1005680
0, 1071216
0, 1136752
0, 1202288
0, 1268080
1, 873184
6, 0
0, 930368
0, 995904
0, 1061440
0, 1126976
0, 1192512
0, 1258304
2, 6
0, 940160
0, 1005696
0, 1071232
0, 1136768
0, 1202304
0, 1268096
1, 873200
0, 940176
0, 1005712
0, 1071248
0, 1136784
0, 1202320
0, 1268112
1, 873216
0, 940192
0, 1005728
0, 1071264
0, 1136800
0, 1202336
0, 1268128
1, 873232
0, 940208
0, 1005744
0, 1071280
0, 1136816
0, 1202352
0, 1268144
1, 873248
0, 930432
0, 995968
0, 1061504
0, 1127040
0, 1192576
0, 1258368
0, 940224
0, 1005760
0, 1071296
0, 1136832
0, 1202368
0, 1268160
1, 873264
0, 940240
0, 1005776
0, 1071312
0, 1136848
0, 1202384
0, 1268176
1, 873280
0, 940256
0, 1005792
0, 1071328
0, 1136864
0, 1202400
0, 1268192
1, 873296
0, 940272
0, 1005808
0, 1071344
0, 1136880
0, 1202416
0, 1268208
1, 873312
0, 930496
0, 996032
0, 1061568
0, 1127104
0, 1192640
0, 1258432
0, 940288
0, 1005824
0, 1071360
0, 1136896
0, 1202432
0, 1268224
1, 873328
0, 940304
0, 1005840
0, 1071376
0, 1136912
0, 1202448
0, 1268240
1, 873344
0, 940320
0, 1005856
0, 1071392
0, 1136928
0, 1202464
0, 1268256
1, 873360
0, 940336
0, 1005872
0, 1071408
0, 1136944
0, 1202480
0, 1268272
1, 873376
0, 940352
0, 1005888
0, 1071424
0, 1136960
0, 1202496
0, 1268288
1, 873392
0, 940368
0, 1005904
0, 1071440
0, 1136976
0, 1202512
0, 1268304
1, 873408
0, 940384
0, 1005920
0, 1071456
0, 1136992
0, 1202528
0, 1268320
1, 873424
0, 940400
0, 1005936
0, 1071472
0, 1137008
0, 1202544
0, 1268336
1, 873440
0, 940416
0, 1005952
0, 1071488
0, 1137024
0, 1202560
0, 1268352
1, 873456
0, 940432
0, 1005968
0, 1071504
0, 1137040
0, 1202576
0, 1268368
1, 873472
6, 0
0, 930368
0, 995904
0, 1061440
0, 1126976
0, 1192512
0, 1258304
2, 6
0, 940448
0, 1005984
0, 1071520
0, 1137056
0, 1202592
0, 1268384
1, 873488
0, 940464
0, 1006000
0, 1071536
0, 1137072
0, 1202608
0, 1268400
1, 873504
0, 940480
0, 1006016
0, 1071552
0, 1137088
0, 1202624
0, 1268416
1, 873520
0, 940496
0, 1006032
0, 1071568
0, 1137104
0, 1202640
0, 1268432
1, 873536
0, 930432
0, 995968
0, 1061504
0, 1127040
0, 1192576
0, 1258368
0, 940512
0, 1006048
0, 1071584
0, 1137120
0, 1202656
0, 1268448
1, 873552
0, 940528
0, 1006064
0, 1071600
0, 1137136
0, 1202672
0, 1268464
1, 873568
0, 940544
0, 1006080
0, 1071616
0, 1137152
0, 1202688
0, 1268480
1, 873584
0, 940560
0, 1006096
0, 1071632
0, 1137168
0, 1202704
0, 1268496
1, 873600
0, 930496
0, 996032
0, 1061568
0, 1127104
0, 1192640
0, 1258432
0, 940576
0, 1006112
0, 1071648
0, 1137184
0, 1202720
0, 1268512
1, 873616
0, 940592
0, 1006128
0, 1071664
0, 1137200
0, 1202736
0, 1268528
1, 873632
0, 940608
0, 1006144
0, 1071680
0, 1137216
0, 1202752
0, 1268544
1, 873648
0, 940624
0, 1006160
0, 1071696
0, 1137232
0, 1202768
0, 1268560
1, 873664
0, 940640
0, 1006176
0, 1071712
0, 1137248
0, 1202784
0, 1268576
1, 873680
0, 940656
0, 1006192
0, 1071728
0, 1137264
0, 1202800
0, 1268592
1, 873696
0, 940672
0, 1006208
0, 1071744
0, 1137280
0, 1202816
0, 1268608
1, 873712
0, 940688
0, 1006224
0, 1071760
0, 1137296
0, 1202832
0, 1268624
1, 873728
0, 940704
0, 1006240
0, 1071776
0, 1137312
0, 1202848
0, 1268640
1, 873744
0, 940720
0, 1006256
0, 1071792
0, 1137328
0, 1202864
0, 1268656
1, 873760
6, 0
0, 930368
0, 995904
0, 1061440
0, 1126976
0, 1192512
0, 1258304
2, 6
0, 940736
0, 1006272
0, 1071808
0, 1137344
0, 1202880
0, 1268672
1, 873776
0, 940752
0, 1006288
0, 1071824
0, 1137360
0, 1202896
0, 1268688
1, 873792
0, 940768
0, 1006304
0, 1071840
0, 1137376
0, 1202912
0, 1268704
1, 873808
0, 940784
0, 1006320
0, 1071856
0, 1137392
0, 1202928
0, 1268720
1, 873824
0, 930432
0, 995968
0, 1061504
0, 1127040
0, 1192576
0, 1258368
0, 940800
0, 1006336
0, 1071872
0, 1137408
0, 1202944
0, 1268736
1, 873840
0, 940816
0, 1006352
0, 1071888
0, 1137424
0, 1202960
0, 1268752
1, 873856
0, 940832
0, 1006368
0, 1071904
0, 1137440
0, 1202976
0, 1268768
1, 873872
0, 940848
0, 1006384
0, 1071920
0, 1137456
0, 1202992
0, 1268784
1, 873888
0, 930496
0, 996032
0, 1061568
0, 1127104
0, 1192640
0, 1258432
0, 940864
0, 1006400
0, 1071936
0, 1137472
0, 1203008
0, 1268800
1, 873904
0, 940880
0, 1006416
0, 1071952
0, 1137488
0, 1203024
0, 1268816
1, 873920
0, 940896
0, 1006432
0, 1071968
0, 1137504
0, 1203040
0, 1268832
1, 873936
0, 940912
0, 1006448
0, 1071984
0, 1137520
0, 1203056
0, 1268848
1, 873952
0, 940928
0, 1006464
0, 1072000
0, 1137536
0, 1203072
0, 1268864
1, 873968
0, 940944
0, 1006480
0, 1072016
0, 1137552
0, 1203088
0, 1268880
1, 873984
0, 940960
0, 1006496
0, 1072032
0, 1137568
0, 1203104
0, 1268896
1, 874000
0, 940976
0, 1006512
0, 1072048
0, 1137584
0, 1203120
0, 1268912
1, 874016
0, 940992
0, 1006528
0, 1072064
0, 1137600
0, 1203136
0, 1268928
1, 874032
0, 941008
0, 1006544
0, 1072080
0, 1137616
0, 1203152
0, 1268944
1, 874048
6, 0
0, 930368
0, 995904
0, 1061440
0, 1126976
0, 1192512
0, 1258304
2, 6
0, 941024
0, 1006560
0, 1072096
0, 1137632
0, 1203168
0, 1268960
1, 874064
0, 941040
0, 1006576
0, 1072112
0, 1137648
0, 1203184
0, 1268976
1, 874080
0, 941056
0, 1006592
0, 1072128
0, 1137664
0, 1203200
0, 1268992
1, 874096
0, 941072
0, 1006608
0, 1072144
0, 1137680
0, 1203216
0, 1269008
1, 874112
0, 930432
0, 995968
0, 1061504
0, 1127040
0, 1192576
0, 1258368
0, 941088
0, 1006624
0, 1072160
0, 1137696
0, 1203232
0, 1269024
1, 874128
0, 941104
0, 1006640
0, 1072176
0, 1137712
0, 1203248
0, 1269040
1, 874144
0, 941120
0, 1006656
0, 1072192
0, 1137728
0, 1203264
0, 1269056
1, 874160
0, 941136
0, 1006672
0, 1072208
0, 1137744
0, 1203280
0, 1269072
1, 874176
0, 930496
0, 996032
0, 1061568
0, 1127104
0, 1192640
0, 1258432
0, 941152
0, 1006688
0, 1072224
0, 1137760
0, 1203296
0, 1269088
1, 874192
0, 941168
0, 1006704
0, 1072240
0, 1137776
0, 1203312
0, 1269104
1, 874208
0, 941184
0, 1006720
0, 1072256
0, 1137792
0, 1203328
0, 1269120
1, 874224
0, 941200
0, 1006736
0, 1072272
0, 1137808
0, 1203344
0, 1269136
1, 874240
0, 941216
0, 1006752
0, 1072288
0, 1137824
0, 1203360
0, 1269152
1, 874256
0, 941232
0, 1006768
0, 1072304
0, 1137840
0, 1203376
0, 1269168
1, 874272
0, 941248
0, 1006784
0, 1072320
0, 1137856
0, 1203392
0, 1269184
1, 874288
0, 941264
0, 1006800
0, 1072336
0, 1137872
0, 1203408
0, 1269200
1, 874304
0, 941280
0, 1006816
0, 1072352
0, 1137888
0, 1203424
0, 1269216
1, 874320
0, 941296
0, 1006832
0, 1072368
0, 1137904
0, 1203440
0, 1269232
1, 874336
6, 0
0, 930368
0, 995904
0, 1061440
0, 1126976
0, 1192512
0, 1258304
2, 6
0, 941312
0, 1006848
0, 1072384
0, 1137920
0, 1203456
0, 1269248
1, 874352
0, 941328
0, 1006864
0, 1072400
0, 1137936
0, 1203472
0, 1269264
1, 874368
0, 941344
0, 1006880
0, 1072416
0, 1137952
0, 1203488
0, 1269280
1, 874384
0, 941360
0, 1006896
0, 1072432
0, 1137968
0, 1203504
0, 1269296
1, 874400
0, 930432
0, 995968
0, 1061504
0, 1127040
0, 1192576
0, 1258368
0, 941376
0, 1006912
0, 1072448
0, 1137984
0, 1203520
0, 1269312
1, 874416
0, 941392
0, 1006928
0, 1072464
0, 1138000
0, 1203536
0, 1269328
1, 874432
0, 941408
0, 1006944
0, 1072480
0, 1138016
0, 1203552
0, 1269344
1, 874448
0, 941424
0, 1006960
0, 1072496
0, 1138032
0, 1203568
0, 1269360
1, 874464
0, 930496
0, 996032
0, 1061568
0, 1127104
0, 1192640
0, 1258432
0, 941440
0, 1006976
0, 1072512
0, 1138048
0, 1203584
0, 1269376
1, 874480
0, 941456
0, 1006992
0, 1072528
0, 1138064
0, 1203600
0, 1269392
1, 874496
0, 941472
0, 1007008
0, 1072544
0, 1138080
0, 1203616
0, 1269408
1, 874512
0, 941488
0, 1007024
0, 1072560
0, 1138096
0, 1203632
0, 1269424
1, 874528
0, 941504
0, 1007040
0, 1072576
0, 1138112
0, 1203648
0, 1269440
1, 874544
0, 941520
0, 1007056
0, 1072592
0, 1138128
0, 1203664
0, 1269456
1, 874560
0, 941536
0, 1007072
0, 1072608
0, 1138144
0, 1203680
0, 1269472
1, 874576
0, 941552
0, 1007088
0, 1072624
0, 1138160
0, 1203696
0, 1269488
1, 874592
0, 941568
0, 1007104
0, 1072640
0, 1138176
0, 1203712
0, 1269504
1, 874608
0, 941584
0, 1007120
0, 1072656
0, 1138192
0, 1203728
0, 1269520
1, 874624
6, 0
0, 930368
0, 995904
0, 1061440
0, 1126976
0, 1192512
0, 1258304
2, 6
0, 941600
0, 1007136
0, 1072672
0, 1138208
0, 1203744
0, 1269536
1, 874640
0, 941616
0, 1007152
0, 1072688
0, 1138224
0, 1203760
0, 1269552
1, 874656
0, 941632
0, 1007168
0, 1072704
0, 1138240
0, 1203776
0, 1269568
1, 874672
0, 941648
0, 1007184
0, 1072720
0, 1138256
0, 1203792
0, 1269584
1, 874688
0, 930432
0, 995968
0, 1061504
0, 1127040
0, 1192576
0, 1258368
0, 941664
0, 1007200
0, 1072736
0, 1138272
0, 1203808
0, 1269600
1, 874704
0, 941680
0, 1007216
0, 1072752
0, 1138288
0, 1203824
0, 1269616
1, 874720
0, 941696
0, 1007232
0, 1072768
0, 1138304
0, 1203840
0, 1269632
1, 874736
0, 941712
0, 1007248
0, 1072784
0, 1138320
0, 1203856
0, 1269648
1, 874752
0, 930496
0, 996032
0, 1061568
0, 1127104
0, 1192640
0, 1258432
0, 941728
0, 1007264
0, 1072800
0, 1138336
0, 1203872
0, 1269664
1, 874768
0, 941744
0, 1007280
0, 1072816
0, 1138352
0, 1203888
0, 1269680
1, 874784
0, 941760
0, 1007296
0, 1072832
0, 1138368
0, 1203904
0, 1269696
1, 874800
0, 941776
0, 1007312
0, 1072848
0, 1138384
0, 1203920
0, 1269712
1, 874816
0, 941792
0, 1007328
0, 1072864
0, 1138400
0, 1203936
0, 1269728
1, 874832
0, 941808
0, 1007344
0, 1072880
0, 1138416
0, 1203952
0, 1269744
1, 874848
0, 941824
0, 1007360
0, 1072896
0, 1138432
0, 1203968
0, 1269760
1, 874864
0, 941840
0, 1007376
0, 1072912
0, 1138448
0, 1203984
0, 1269776
1, 874880
0, 941856
0, 1007392
0, 1072928
0, 1138464
0, 1204000
0, 1269792
1, 874896
0, 941872
0, 1007408
0, 1072944
0, 1138480
0, 1204016
0, 1269808
1, 874912
6, 0
0, 930368
0, 995904
0, 1061440
0, 1126976
0, 1192512
0, 1258304
2, 6
0, 941888
0, 1007424
0, 1072960
0, 1138496
0, 1204032
0, 1269824
1, 874928
0, 941904
0, 1007440
0, 1072976
0, 1138512
0, 1204048
0, 1269840
1, 874944
0, 941920
0, 1007456
0, 1072992
0, 1138528
0, 1204064
0, 1269856
1, 874960
0, 941936
0, 1007472
0, 1073008
0, 1138544
0, 1204080
0, 1269872
1, 874976
0, 930432
0, 995968
0, 1061504
0, 1127040
0, 1192576
0, 1258368
0, 941952
0, 1007488
0, 1073024
0, 1138560
0, 1204096
0, 1269888
1, 874992
0, 941968
0, 1007504
0, 1073040
0, 1138576
0, 1204112
0, 1269904
1, 875008
0, 941984
0, 1007520
0, 1073056
0, 1138592
0, 1204128
0, 1269920
1, 875024
0, 942000
0, 1007536
0, 1073072
0, 1138608
0, 1204144
0, 1269936
1, 875040
0, 930496
0, 996032
0, 1061568
0, 1127104
0, 1192640
0, 1258432
0, 942016
0, 1007552
0, 1073088
0, 1138624
0, 1204160
0, 1269952
1, 875056
0, 942032
0, 1007568
0, 1073104
0, 1138640
0, 1204176
0, 1269968
1, 875072
0, 942048
0, 1007584
0, 1073120
0, 1138656
0, 1204192
0, 1269984
1, 875088
0, 942064
0, 1007600
0, 1073136
0, 1138672
0, 1204208
0, 1270000
1, 875104
0, 942080
0, 1007616
0, 1073152
0, 1138688
0, 1204224
0, 1270016
1, 875120
0, 942096
0, 1007632
0, 1073168
0, 1138704
0, 1204240
0, 1270032
1, 875136
0, 942112
0, 1007648
0, 1073184
0, 1138720
0, 1204256
0, 1270048
1, 875152
0, 942128
0, 1007664
0, 1073200
0, 1138736
0, 1204272
0, 1270064
1, 875168
0, 942144
0, 1007680
0, 1073216
0, 1138752
0, 1204288
0, 1270080
1, 875184
0, 942160
0, 1007696
0, 1073232
0, 1138768
0, 1204304
0, 1270096
1, 875200
6, 0
0, 930368
0, 995904
0, 1061440
0, 1126976
0, 1192512
0, 1258304
2, 6
0, 942176
0, 1007712
0, 1073248
0, 1138784
0, 1204320
0, 1270112
1, 875216
0, 942192
0, 1007728
0, 1073264
0, 1138800
0, 1204336
0, 1270128
1, 875232
0, 942208
0, 1007744
0, 1073280
0, 1138816
0, 1204352
0, 1270144
1, 875248
0, 942224
0, 1007760
0, 1073296
0, 1138832
0, 1204368
0, 1270160
1, 875264
0, 930432
0, 995968
0, 1061504
0, 1127040
0, 1192576
0, 1258368
0, 942240
0, 1007776
0, 1073312
0, 1138848
0, 1204384
0, 1270176
1, 875280
0, 942256
0, 1007792
0, 1073328
0, 1138864
0, 1204400
0, 1270192
1, 875296
0, 942272
0, 1007808
0, 1073344
0, 1138880
0, 1204416
0, 1270208
1, 875312
0, 942288
0, 1007824
0, 1073360
0, 1138896
0, 1204432
0, 1270224
1, 875328
0, 930496
0, 996032
0, 1061568
0, 1127104
0, 1192640
0, 1258432
0, 942304
0, 1007840
0, 1073376
0, 1138912
0, 1204448
0, 1270240
1, 875344
0, 942320
0, 1007856
0, 1073392
0, 1138928
0, 1204464
0, 1270256
1, 875360
0, 942336
0, 1007872
0, 1073408
0, 1138944
0, 1204480
0, 1270272
1, 875376
0, 942352
0, 1007888
0, 1073424
0, 1138960
0, 1204496
0, 1270288
1, 875392
0, 942368
0, 1007904
0, 1073440
0, 1138976
0, 1204512
0, 1270304
1, 875408
0, 942384
0, 1007920
0, 1073456
0, 1138992
0, 1204528
0, 1270320
1, 875424
0, 942400
0, 1007936
0, 1073472
0, 1139008
0, 1204544
0, 1270336
1, 875440
0, 942416
0, 1007952
0, 1073488
0, 1139024
0, 1204560
0, 1270352
1, 875456
0, 942432
0, 1007968
0, 1073504
0, 1139040
0, 1204576
0, 1270368
1, 875472
0, 942448
0, 1007984
0, 1073520
0, 1139056
0, 1204592
0, 1270384
1, 875488
6, 0
0, 930368
0, 995904
0, 1061440
0, 1126976
0, 1192512
0, 1258304
2, 6
0, 942464
0, 1008000
0, 1073536
0, 1139072
0, 1204608
0, 1270400
1, 875504
0, 942480
0, 1008016
0, 1073552
0, 1139088
0, 1204624
0, 1270416
1, 875520
0, 942496
0, 1008032
0, 1073568
0, 1139104
0, 1204640
0, 1270432
1, 875536
0, 942512
0, 1008048
0, 1073584
0, 1139120
0, 1204656
0, 1270448
1, 875552
0, 930432
0, 995968
0, 1061504
0, 1127040
0, 1192576
0, 1258368
0, 942528
0, 1008064
0, 1073600
0, 1139136
0, 1204672
0, 1270464
1, 875568
0, 942544
0, 1008080
0, 1073616
0, 1139152
0, 1204688
0, 1270480
1, 875584
0, 942560
0, 1008096
0, 1073632
0, 1139168
0, 1204704
0, 1270496
1, 875600
0, 942576
0, 1008112
0, 1073648
0, 1139184
0, 1204720
0, 1270512
1, 875616
0, 930496
0, 996032
0, 1061568
0, 1127104
0, 1192640
0, 1258432
0, 942592
0, 1008128
0, 1073664
0, 1139200
0, 1204736
0, 1270528
1, 875632
0, 942608
0, 1008144
0, 1073680
0, 1139216
0, 1204752
0, 1270544
1, 875648
0, 942624
0, 1008160
0, 1073696
0, 1139232
0, 1204768
0, 1270560
1, 875664
0, 942640
0, 1008176
0, 1073712
0, 1139248
0, 1204784
0, 1270576
1, 875680
0, 942656
0, 1008192
0, 1073728
0, 1139264
0, 1204800
0, 1270592
1, 875696
0, 942672
0, 1008208
0, 1073744
0, 1139280
0, 1204816
0, 1270608
1, 875712
0, 942688
0, 1008224
0, 1073760
0, 1139296
0, 1204832
0, 1270624
1, 875728
0, 942704
0, 1008240
0, 1073776
0, 1139312
0, 1204848
0, 1270640
1, 875744
0, 942720
0, 1008256
0, 1073792
0, 1139328
0, 1204864
0, 1270656
1, 875760
0, 942736
0, 1008272
0, 1073808
0, 1139344
0, 1204880
0, 1270672
1, 875776
6, 0
0, 930368
0, 995904
0, 1061440
0, 1126976
0, 1192512
0, 1258304
2, 6
0, 942752
0, 1008288
0, 1073824
0, 1139360
0, 1204896
0, 1270688
1, 875792
0, 942768
0, 1008304
0, 1073840
0, 1139376
0, 1204912
0, 1270704
1, 875808
0, 942784
0, 1008320
0, 1073856
0, 1139392
0, 1204928
0, 1270720
1, 875824
0, 942800
0, 1008336
0, 1073872
0, 1139408
0, 1204944
0, 1270736
1, 875840
0, 930432
0, 995968
0, 1061504
0, 1127040
0, 1192576
0, 1258368
0, 942816
0, 1008352
0, 1073888
0, 1139424
0, 1204960
0, 1270752
1, 875856
0, 942832
0, 1008368
0, 1073904
0, 1139440
0, 1204976
0, 1270768
1, 875872
0, 942848
0, 1008384
0, 1073920
0, 1139456
0, 1204992
0, 1270784
1, 875888
0, 942864
0, 1008400
0, 1073936
0, 1139472
0, 1205008
0, 1270800
1, 875904
0, 930496
0, 996032
0, 1061568
0, 1127104
0, 1192640
0, 1258432
0, 942880
0, 1008416
0, 1073952
0, 1139488
0, 1205024
0, 1270816
1, 875920
0, 942896
0, 1008432
0, 1073968
0, 1139504
0, 1205040
0, 1270832
1, 875936
0, 942912
0, 1008448
0, 1073984
0, 1139520
0, 1205056
0, 1270848
1, 875952
0, 942928
0, 1008464
0, 1074000
0, 1139536
0, 1205072
0, 1270864
1, 875968
0, 942944
0, 1008480
0, 1074016
0, 1139552
0, 1205088
0, 1270880
1, 875984
0, 942960
0, 1008496
0, 1074032
0, 1139568
0, 1205104
0, 1270896
1, 876000
0, 942976
0, 1008512
0, 1074048
0, 1139584
0, 1205120
0, 1270912
1, 876016
0, 942992
0, 1008528
0, 1074064
0, 1139600
0, 1205136
0, 1270928
1, 876032
0, 943008
0, 1008544
0, 1074080
0, 1139616
0, 1205152
0, 1270944
1, 876048
0, 943024
0, 1008560
0, 1074096
0, 1139632
0, 1205168
0, 1270960
1, 876064
6, 0
0, 930368
0, 995904
0, 1061440
0, 1126976
0, 1192512
0, 1258304
2, 6
0, 943040
0, 1008576
0, 1074112
0, 1139648
0, 1205184
0, 1270976
1, 876080
0, 943056
0, 1008592
0, 1074128
0, 1139664
0, 1205200
0, 1270992
1, 876096
0, 943072
0, 1008608
0, 1074144
0, 1139680
0, 1205216
0, 1271008
1, 876112
0, 943088
0, 1008624
0, 1074160
0, 1139696
0, 1205232
0, 1271024
1, 876128
0, 930432
0, 995968
0, 1061504
0, 1127040
0, 1192576
0, 1258368
0, 943104
0, 1008640
0, 1074176
0, 1139712
0, 1205248
0, 1271040
1, 876144
0, 943120
0, 1008656
0, 1074192
0, 1139728
0, 1205264
0, 1271056
1, 876160
0, 943136
0, 1008672
0, 1074208
0, 1139744
0, 1205280
0, 1271072
1, 876176
0, 943152
0, 1008688
0, 1074224
0, 1139760
0, 1205296
0, 1271088
1, 876192
0, 930496
0, 996032
0, 1061568
0, 1127104
0, 1192640
0, 1258432
0, 943168
0, 1008704
0, 1074240
0, 1139776
0, 1205312
0, 1271104
1, 876208
0, 943184
0, 1008720
0, 1074256
0, 1139792
0, 1205328
0, 1271120
1, 876224
0, 943200
0, 1008736
0, 1074272
0, 1139808
0, 1205344
0, 1271136
1, 876240
0, 943216
0, 1008752
0, 1074288
0, 1139824
0, 1205360
0, 1271152
1, 876256
0, 943232
0, 1008768
0, 1074304
0, 1139840
0, 1205376
0, 1271168
1, 876272
0, 943248
0, 1008784
0, 1074320
0, 1139856
0, 1205392
0, 1271184
1, 876288
0, 943264
0, 1008800
0, 1074336
0, 1139872
0, 1205408
0, 1271200
1, 876304
0, 943280
0, 1008816
0, 1074352
0, 1139888
0, 1205424
0, 1271216
1, 876320
0, 943296
0, 1008832
0, 1074368
0, 1139904
0, 1205440
0, 1271232
1, 876336
0, 943312
0, 1008848
0, 1074384
0, 1139920
0, 1205456
0, 1271248
1, 876352
6, 0
0, 930368
0, 995904
0, 1061440
0, 1126976
0, 1192512
0, 1258304
2, 6
0, 943328
0, 1008864
0, 1074400
0, 1139936
0, 1205472
0, 1271264
1, 876368
0, 943344
0, 1008880
0, 1074416
0, 1139952
0, 1205488
0, 1271280
1, 876384
0, 943360
0, 1008896
0, 1074432
0, 1139968
0, 1205504
0, 1271296
1, 876400
0, 943376
0, 1008912
0, 1074448
0, 1139984
0, 1205520
0, 1271312
1, 876416
0, 930432
0, 995968
0, 1061504
0, 1127040
0, 1192576
0, 1258368
0, 943392
0, 1008928
0, 1074464
0, 1140000
0, 1205536
0, 1271328
1, 876432
0, 943408
0, 1008944
0, 1074480
0, 1140016
0, 1205552
0, 1271344
1, 876448
0, 943424
0, 1008960
0, 1074496
0, 1140032
0, 1205568
0, 1271360
1, 876464
0, 943440
0, 1008976
0, 1074512
0, 1140048
0, 1205584
0, 1271376
1, 876480
0, 930496
0, 996032
0, 1061568
0, 1127104
0, 1192640
0, 1258432
0, 943456
0, 1008992
0, 1074528
0, 1140064
0, 1205600
0, 1271392
1, 876496
0, 943472
0, 1009008
0, 1074544
0, 1140080
0, 1205616
0, 1271408
1, 876512
0, 943488
0, 1009024
0, 1074560
0, 1140096
0, 1205632
0, 1271424
1, 876528
0, 943504
0, 1009040
0, 1074576
0, 1140112
0, 1205648
0, 1271440
1, 876544
0, 943520
0, 1009056
0, 1074592
0, 1140128
0, 1205664
0, 1271456
1, 876560
0, 943536
0, 1009072
0, 1074608
0, 1140144
0, 1205680
0, 1271472
1, 876576
0, 943552
0, 1009088
0, 1074624
0, 1140160
0, 1205696
0, 1271488
1, 876592
0, 943568
0, 1009104
0, 1074640
0, 1140176
0, 1205712
0, 1271504
1, 876608
0, 943584
0, 1009120
0, 1074656
0, 1140192
0, 1205728
0, 1271520
1, 876624
0, 943600
0, 1009136
0, 1074672
0, 1140208
0, 1205744
0, 1271536
1, 876640
6, 0
0, 930368
0, 995904
0, 1061440
0, 1126976
0, 1192512
0, 1258304
2, 6
0, 943616
0, 1009152
0, 1074688
0, 1140224
0, 1205760
0, 1271552
1, 876656
0, 943632
0, 1009168
0, 1074704
0, 1140240
0, 1205776
0, 1271568
1, 876672
0, 943648
0, 1009184
0, 1074720
0, 1140256
0, 1205792
0, 1271584
1, 876688
0, 943664
0, 1009200
0, 1074736
0, 1140272
0, 1205808
0, 1271600
1, 876704
0, 930432
0, 995968
0, 1061504
0, 1127040
0, 1192576
0, 1258368
0, 943680
0, 1009216
0, 1074752
0, 1140288
0, 1205824
0, 1271616
1, 876720
0, 943696
0, 1009232
0, 1074768
0, 1140304
0, 1205840
0, 1271632
1, 876736
0, 943712
0, 1009248
0, 1074784
0, 1140320
0, 1205856
0, 1271648
1, 876752
0, 943728
0, 1009264
0, 1074800
0, 1140336
0, 1205872
0, 1271664
1, 876768
0, 930496
0, 996032
0, 1061568
0, 1127104
0, 1192640
0, 1258432
0, 943744
0, 1009280
0, 1074816
0, 1140352
0, 1205888
0, 1271680
1, 876784
0, 943760
0, 1009296
0, 1074832
0, 1140368
0, 1205904
0, 1271696
1, 876800
0, 943776
0, 1009312
0, 1074848
0, 1140384
0, 1205920
0, 1271712
1, 876816
0, 943792
0, 1009328
0, 1074864
0, 1140400
0, 1205936
0, 1271728
1, 876832
0, 943808
0, 1009344
0, 1074880
0, 1140416
0, 1205952
0, 1271744
1, 876848
0, 943824
0, 1009360
0, 1074896
0, 1140432
0, 1205968
0, 1271760
1, 876864
0, 943840
0, 1009376
0, 1074912
0, 1140448
0, 1205984
0, 1271776
1, 876880
0, 943856
0, 1009392
0, 1074928
0, 1140464
0, 1206000
0, 1271792
1, 876896
0, 943872
0, 1009408
0, 1074944
0, 1140480
0, 1206016
0, 1271808
1, 876912
0, 943888
0, 1009424
0, 1074960
0, 1140496
0, 1206032
0, 1271824
1, 876928
6, 0
0, 930368
0, 995904
0, 1061440
0, 1126976
0, 1192512
0, 1258304
2, 6
0, 943904
0, 1009440
0, 1074976
0, 1140512
0, 1206048
0, 1271840
1, 876944
0, 943920
0, 1009456
0, 1074992
0, 1140528
0, 1206064
0, 1271856
1, 876960
0, 943936
0, 1009472
0, 1075008
0, 1140544
0, 1206080
0, 1271872
1, 876976
0, 943952
0, 1009488
0, 1075024
0, 1140560
0, 1206096
0, 1271888
1, 876992
0, 930432
0, 995968
0, 1061504
0, 1127040
0, 1192576
0, 1258368
0, 943968
0, 1009504
0, 1075040
0, 1140576
0, 1206112
0, 1271904
1, 877008
0, 943984
0, 1009520
0, 1075056
0, 1140592
0, 1206128
0, 1271920
1, 877024
0, 944000
0, 1009536
0, 1075072
0, 1140608
0, 1206144
0, 1271936
1, 877040
0, 944016
0, 1009552
0, 1075088
0, 1140624
0, 1206160
0, 1271952
1, 877056
0, 930496
0, 996032
0, 1061568
0, 1127104
0, 1192640
0, 1258432
0, 944032
0, 1009568
0, 1075104
0, 1140640
0, 1206176
0, 1271968
1, 877072
0, 944048
0, 1009584
0, 1075120
0, 1140656
0, 1206192
0, 1271984
1, 877088
0, 944064
0, 1009600
0, 1075136
0, 1140672
0, 1206208
0, 1272000
1, 877104
0, 944080
0, 1009616
0, 1075152
0, 1140688
0, 1206224
0, 1272016
1, 877120
0, 944096
0, 1009632
0, 1075168
0, 1140704
0, 1206240
0, 1272032
1, 877136
0, 944112
0, 1009648
0, 1075184
0, 1140720
0, 1206256
0, 1272048
1, 877152
0, 944128
0, 1009664
0, 1075200
0, 1140736
0, 1206272
0, 1272064
1, 877168
0, 944144
0, 1009680
0, 1075216
0, 1140752
0, 1206288
0, 1272080
1, 877184
0, 944160
0, 1009696
0, 1075232
0, 1140768
0, 1206304
0, 1272096
1, 877200
0, 944176
0, 1009712
0, 1075248
0, 1140784
0, 1206320
0, 1272112
1, 877216
6, 0
0, 930368
0, 995904
0, 1061440
0, 1126976
0, 1192512
0, 1258304
2, 6
0, 944192
0, 1009728
0, 1075264
0, 1140800
0, 1206336
0, 1272128
1, 877232
0, 944208
0, 1009744
0, 1075280
0, 1140816
0, 1206352
0, 1272144
1, 877248
0, 944224
0, 1009760
0, 1075296
0, 1140832
0, 1206368
0, 1272160
1, 877264
0, 944240
0, 1009776
0, 1075312
0, 1140848
0, 1206384
0, 1272176
1, 877280
0, 930432
0, 995968
0, 1061504
0, 1127040
0, 1192576
0, 1258368
0, 944256
0, 1009792
0, 1075328
0, 1140864
0, 1206400
0, 1272192
1, 877296
0, 944272
0, 1009808
0, 1075344
0, 1140880
0, 1206416
0, 1272208
1, 877312
0, 944288
0, 1009824
0, 1075360
0, 1140896
0, 1206432
0, 1272224
1, 877328
0, 944304
0, 1009840
0, 1075376
0, 1140912
0, 1206448
0, 1272240
1, 877344
0, 930496
0, 996032
0, 1061568
0, 1127104
0, 1192640
0, 1258432
0, 944320
0, 1009856
0, 1075392
0, 1140928
0, 1206464
0, 1272256
1, 877360
0, 944336
0, 1009872
0, 1075408
0, 1140944
0, 1206480
0, 1272272
1, 877376
0, 944352
0, 1009888
0, 1075424
0, 1140960
0, 1206496
0, 1272288
1, 877392
0, 944368
0, 1009904
0, 1075440
0, 1140976
0, 1206512
0, 1272304
1, 877408
0, 944384
0, 1009920
0, 1075456
0, 1140992
0, 1206528
0, 1272320
1, 877424
0, 944400
0, 1009936
0, 1075472
0, 1141008
0, 1206544
0, 1272336
1, 877440
0, 944416
0, 1009952
0, 1075488
0, 1141024
0, 1206560
0, 1272352
1, 877456
0, 944432
0, 1009968
0, 1075504
0, 1141040
0, 1206576
0, 1272368
1, 877472
0, 944448
0, 1009984
0, 1075520
0, 1141056
0, 1206592
0, 1272384
1, 877488
0, 944464
0, 1010000
0, 1075536
0, 1141072
0, 1206608
0, 1272400
1, 877504
6, 0
0, 930368
0, 995904
0, 1061440
0, 1126976
0, 1192512
0, 1258304
2, 6
0, 944480
0, 1010016
0, 1075552
0, 1141088
0, 1206624
0, 1272416
1, 877520
0, 944496
0, 1010032
0, 1075568
0, 1141104
0, 1206640
0, 1272432
1, 877536
0, 944512
0, 1010048
0, 1075584
0, 1141120
0, 1206656
0, 1272448
1, 877552
0, 944528
0, 1010064
0, 1075600
0, 1141136
0, 1206672
0, 1272464
1, 877568
0, 930432
0, 995968
0, 1061504
0, 1127040
0, 1192576
0, 1258368
0, 944544
0, 1010080
0, 1075616
0, 1141152
0, 1206688
0, 1272480
1, 877584
0, 944560
0, 1010096
0, 1075632
0, 1141168
0, 1206704
0, 1272496
1, 877600
0, 944576
0, 1010112
0, 1075648
0, 1141184
0, 1206720
0, 1272512
1, 877616
0, 944592
0, 1010128
0, 1075664
0, 1141200
0, 1206736
0, 1272528
1, 877632
0, 930496
0, 996032
0, 1061568
0, 1127104
0, 1192640
0, 1258432
0, 944608
0, 1010144
0, 1075680
0, 1141216
0, 1206752
0, 1272544
1, 877648
0, 944624
0, 1010160
0, 1075696
0, 1141232
0, 1206768
0, 1272560
1, 877664
0, 944640
0, 1010176
0, 1075712
0, 1141248
0, 1206784
0, 1272576
1, 877680
0, 944656
0, 1010192
0, 1075728
0, 1141264
0, 1206800
0, 1272592
1, 877696
0, 944672
0, 1010208
0, 1075744
0, 1141280
0, 1206816
0, 1272608
1, 877712
0, 944688
0, 1010224
0, 1075760
0, 1141296
0, 1206832
0, 1272624
1, 877728
0, 944704
0, 1010240
0, 1075776
0, 1141312
0, 1206848
0, 1272640
1, 877744
0, 944720
0, 1010256
0, 1075792
0, 1141328
0, 1206864
0, 1272656
1, 877760
0, 944736
0, 1010272
0, 1075808
0, 1141344
0, 1206880
0, 1272672
1, 877776
0, 944752
0, 1010288
0, 1075824
0, 1141360
0, 1206896
0, 1272688
1, 877792
6, 0
0, 930368
0, 995904
0, 1061440
0, 1126976
0, 1192512
0, 1258304
2, 6
0, 944768
0, 1010304
0, 1075840
0, 1141376
0, 1206912
0, 1272704
1, 877808
0, 944784
0, 1010320
0, 1075856
0, 1141392
0, 1206928
0, 1272720
1, 877824
0, 944800
0, 1010336
0, 1075872
0, 1141408
0, 1206944
0, 1272736
1, 877840
0, 944816
0, 1010352
0, 1075888
0, 1141424
0, 1206960
0, 1272752
1, 877856
0, 930432
0, 995968
0, 1061504
0, 1127040
0, 1192576
0, 1258368
0, 944832
0, 1010368
0, 1075904
0, 1141440
0, 1206976
0, 1272768
1, 877872
0, 944848
0, 1010384
0, 1075920
0, 1141456
0, 1206992
0, 1272784
1, 877888
0, 944864
0, 1010400
0, 1075936
0, 1141472
0, 1207008
0, 1272800
1, 877904
0, 944880
0, 1010416
0, 1075952
0, 1141488
0, 1207024
0, 1272816
1, 877920
0, 930496
0, 996032
0, 1061568
0, 1127104
0, 1192640
0, 1258432
0, 944896
0, 1010432
0, 1075968
0, 1141504
0, 1207040
0, 1272832
1, 877936
0, 944912
0, 1010448
0, 1075984
0, 1141520
0, 1207056
0, 1272848
1, 877952
0, 944928
0, 1010464
0, 1076000
0, 1141536
0, 1207072
0, 1272864
1, 877968
0, 944944
0, 1010480
0, 1076016
0, 1141552
0, 1207088
0, 1272880
1, 877984
0, 944960
0, 1010496
0, 1076032
0, 1141568
0, 1207104
0, 1272896
1, 878000
0, 944976
0, 1010512
0, 1076048
0, 1141584
0, 1207120
0, 1272912
1, 878016
0, 944992
0, 1010528
0, 1076064
0, 1141600
0, 1207136
0, 1272928
1, 878032
0, 945008
0, 1010544
0, 1076080
0, 1141616
0, 1207152
0, 1272944
1, 878048
0, 945024
0, 1010560
0, 1076096
0, 1141632
0, 1207168
0, 1272960
1, 878064
0, 945040
0, 1010576
0, 1076112
0, 1141648
0, 1207184
0, 1272976
1, 878080
6, 0
0, 930368
0, 995904
0, 1061440
0, 1126976
0, 1192512
0, 1258304
2, 6
0, 945056
0, 1010592
0, 1076128
0, 1141664
0, 1207200
0, 1272992
1, 878096
0, 945072
0, 1010608
0, 1076144
0, 1141680
0, 1207216
0, 1273008
1, 878112
0, 945088
0, 1010624
0, 1076160
0, 1141696
0, 1207232
0, 1273024
1, 878128
0, 945104
0, 1010640
0, 1076176
0, 1141712
0, 1207248
0, 1273040
1, 878144
0, 930432
0, 995968
0, 1061504
0, 1127040
0, 1192576
0, 1258368
0, 945120
0, 1010656
0, 1076192
0, 1141728
0, 1207264
0, 1273056
1, 878160
0, 945136
0, 1010672
0, 1076208
0, 1141744
0, 1207280
0, 1273072
1, 878176
0, 945152
0, 1010688
0, 1076224
0, 1141760
0, 1207296
0, 1273088
1, 878192
0, 945168
0, 1010704
0, 1076240
0, 1141776
0, 1207312
0, 1273104
1, 878208
0, 930496
0, 996032
0, 1061568
0, 1127104
0, 1192640
0, 1258432
0, 945184
0, 1010720
0, 1076256
0, 1141792
0, 1207328
0, 1273120
1, 878224
0, 945200
0, 1010736
0, 1076272
0, 1141808
0, 1207344
0, 1273136
1, 878240
0, 945216
0, 1010752
0, 1076288
0, 1141824
0, 1207360
0, 1273152
1, 878256
0, 945232
0, 1010768
0, 1076304
0, 1141840
0, 1207376
0, 1273168
1, 878272
0, 945248
0, 1010784
0, 1076320
0, 1141856
0, 1207392
0, 1273184
1, 878288
0, 945264
0, 1010800
0, 1076336
0, 1141872
0, 1207408
0, 1273200
1, 878304
0, 945280
0, 1010816
0, 1076352
0, 1141888
0, 1207424
0, 1273216
1, 878320
0, 945296
0, 1010832
0, 1076368
0, 1141904
0, 1207440
0, 1273232
1, 878336
0, 945312
0, 1010848
0, 1076384
0, 1141920
0, 1207456
0, 1273248
1, 878352
0, 945328
0, 1010864
0, 1076400
0, 1141936
0, 1207472
0, 1273264
1, 878368
6, 0
0, 930368
0, 995904
0, 1061440
0, 1126976
0, 1192512
0, 1258304
2, 6
0, 945344
0, 1010880
0, 1076416
0, 1141952
0, 1207488
0, 1273280
1, 878384
0, 945360
0, 1010896
0, 1076432
0, 1141968
0, 1207504
0, 1273296
1, 878400
0, 945376
0, 1010912
0, 1076448
0, 1141984
0, 1207520
0, 1273312
1, 878416
0, 945392
0, 1010928
0, 1076464
0, 1142000
0, 1207536
0, 1273328
1, 878432
0, 930432
0, 995968
0, 1061504
0, 1127040
0, 1192576
0, 1258368
0, 945408
0, 1010944
0, 1076480
0, 1142016
0, 1207552
0, 1273344
1, 878448
0, 945424
0, 1010960
0, 1076496
0, 1142032
0, 1207568
0, 1273360
1, 878464
0, 945440
0, 1010976
0, 1076512
0, 1142048
0, 1207584
0, 1273376
1, 878480
0, 945456
0, 1010992
0, 1076528
0, 1142064
0, 1207600
0, 1273392
1, 878496
0, 930496
0, 996032
0, 1061568
0, 1127104
0, 1192640
0, 1258432
0, 945472
0, 1011008
0, 1076544
0, 1142080
0, 1207616
0, 1273408
1, 878512
0, 945488
0, 1011024
0, 1076560
0, 1142096
0, 1207632
0, 1273424
1, 878528
0, 945504
0, 1011040
0, 1076576
0, 1142112
0, 1207648
0, 1273440
1, 878544
0, 945520
0, 1011056
0, 1076592
0, 1142128
0, 1207664
0, 1273456
1, 878560
0, 945536
0, 1011072
0, 1076608
0, 1142144
0, 1207680
0, 1273472
1, 878576
0, 945552
0, 1011088
0, 1076624
0, 1142160
0, 1207696
0, 1273488
1, 878592
0, 945568
0, 1011104
0, 1076640
0, 1142176
0, 1207712
0, 1273504
1, 878608
0, 945584
0, 1011120
0, 1076656
0, 1142192
0, 1207728
0, 1273520
1, 878624
0, 945600
0, 1011136
0, 1076672
0, 1142208
0, 1207744
0, 1273536
1, 878640
0, 945616
0, 1011152
0, 1076688
0, 1142224
0, 1207760
0, 1273552
1, 878656
6, 0
0, 930368
0, 995904
0, 1061440
0, 1126976
0, 1192512
0, 1258304
2, 6
0, 945632
0, 1011168
0, 1076704
0, 1142240
0, 1207776
0, 1273568
1, 878672
0, 945648
0, 1011184
0, 1076720
0, 1142256
0, 1207792
0, 1273584
1, 878688
0, 945664
0, 1011200
0, 1076736
0, 1142272
0, 1207808
0, 1273600
1, 878704
0, 945680
0, 1011216
0, 1076752
0, 1142288
0, 1207824
0, 1273616
1, 878720
0, 930432
0, 995968
0, 1061504
0, 1127040
0, 1192576
0, 1258368
0, 945696
0, 1011232
0, 1076768
0, 1142304
0, 1207840
0, 1273632
1, 878736
0, 945712
0, 1011248
0, 1076784
0, 1142320
0, 1207856
0, 1273648
1, 878752
0, 945728
0, 1011264
0, 1076800
0, 1142336
0, 1207872
0, 1273664
1, 878768
0, 945744
0, 1011280
0, 1076816
0, 1142352
0, 1207888
0, 1273680
1, 878784
0, 930496
0, 996032
0, 1061568
0, 1127104
0, 1192640
0, 1258432
0, 945760
0, 1011296
0, 1076832
0, 1142368
0, 1207904
0, 1273696
1, 878800
0, 945776
0, 1011312
0, 1076848
0, 1142384
0, 1207920
0, 1273712
1, 878816
0, 945792
0, 1011328
0, 1076864
0, 1142400
0, 1207936
0, 1273728
1, 878832
0, 945808
0, 1011344
0, 1076880
0, 1142416
0, 1207952
0, 1273744
1, 878848
0, 945824
0, 1011360
0, 1076896
0, 1142432
0, 1207968
0, 1273760
1, 878864
0, 945840
0, 1011376
0, 1076912
0, 1142448
0, 1207984
0, 1273776
1, 878880
0, 945856
0, 1011392
0, 1076928
0, 1142464
0, 1208000
0, 1273792
1, 878896
0, 945872
0, 1011408
0, 1076944
0, 1142480
0, 1208016
0, 1273808
1, 878912
0, 945888
0, 1011424
0, 1076960
0, 1142496
0, 1208032
0, 1273824
1, 878928
0, 945904
0, 1011440
0, 1076976
0, 1142512
0, 1208048
0, 1273840
1, 878944
6, 0
0, 930368
0, 995904
0, 1061440
0, 1126976
0, 1192512
0, 1258304
2, 6
0, 945920
0, 1011456
0, 1076992
0, 1142528
0, 1208064
0, 1273856
1, 878960
0, 945936
0, 1011472
0, 1077008
0, 1142544
0, 1208080
0, 1273872
1, 878976
0, 945952
0, 1011488
0, 1077024
0, 1142560
0, 1208096
0, 1273888
1, 878992
0, 945968
0, 1011504
0, 1077040
0, 1142576
0, 1208112
0, 1273904
1, 879008
0, 930432
0, 995968
0, 1061504
0, 1127040
0, 1192576
0, 1258368
0, 945984
0, 1011520
0, 1077056
0, 1142592
0, 1208128
0, 1273920
1, 879024
0, 946000
0, 1011536
0, 1077072
0, 1142608
0, 1208144
0, 1273936
1, 879040
0, 946016
0, 1011552
0, 1077088
0, 1142624
0, 1208160
0, 1273952
1, 879056
0, 946032
0, 1011568
0, 1077104
0, 1142640
0, 1208176
0, 1273968
1, 879072
0, 930496
0, 996032
0, 1061568
0, 1127104
0, 1192640
0, 1258432
0, 946048
0, 1011584
0, 1077120
0, 1142656
0, 1208192
0, 1273984
1, 879088
0, 946064
0, 1011600
0, 1077136
0, 1142672
0, 1208208
0, 1274000
1, 879104
0, 946080
0, 1011616
0, 1077152
0, 1142688
0, 1208224
0, 1274016
1, 879120
0, 946096
0, 1011632
0, 1077168
0, 1142704
0, 1208240
0, 1274032
1, 879136
0, 946112
0, 1011648
0, 1077184
0, 1142720
0, 1208256
0, 1274048
1, 879152
0, 946128
0, 1011664
0, 1077200
0, 1142736
0, 1208272
0, 1274064
1, 879168
0, 946144
0, 1011680
0, 1077216
0, 1142752
0, 1208288
0, 1274080
1, 879184
0, 946160
0, 1011696
0, 1077232
0, 1142768
0, 1208304
0, 1274096
1, 879200
0, 946176
0, 1011712
0, 1077248
0, 1142784
0, 1208320
0, 1274112
1, 879216
0, 946192
0, 1011728
0, 1077264
0, 1142800
0, 1208336
0, 1274128
1, 879232
6, 0

