0, 0x38220
0, 0x3a250
2, 2
3, 0
3, 0
3, 0
3, 0
3, 0
3, 0
3, 0
3, 0
3, 0
3, 0
3, 0
3, 0
3, 0
3, 0
1, 0x3a250
0, 0x38230
0, 0x3a260
2, 2
3, 0
3, 0
3, 0
3, 0
3, 0
3, 0
3, 0
3, 0
3, 0
3, 0
3, 0
3, 0
3, 0
3, 0
1, 0x3a260
0, 0x38240
0, 0x3a270
2, 2
3, 0
3, 0
3, 0
3, 0
3, 0
3, 0
3, 0
3, 0
3, 0
3, 0
3, 0
3, 0
3, 0
3, 0
1, 0x3a270
0, 0x38250
0, 0x3a280
2, 2
3, 0
3, 0
3, 0
3, 0
3, 0
3, 0
3, 0
3, 0
3, 0
3, 0
3, 0
3, 0
3, 0
3, 0
1, 0x3a280
0, 0x38260
0, 0x3a290
2, 2
3, 0
3, 0
3, 0
3, 0
3, 0
3, 0
3, 0
3, 0
3, 0
3, 0
3, 0
3, 0
3, 0
3, 0
1, 0x3a290
0, 0x38270
0, 0x3a2a0
2, 2
3, 0
3, 0
3, 0
3, 0
3, 0
3, 0
3, 0
3, 0
3, 0
3, 0
3, 0
3, 0
3, 0
3, 0
1, 0x3a2a0
0, 0x38280
0, 0x3a2b0
2, 2
3, 0
3, 0
3, 0
3, 0
3, 0
3, 0
3, 0
3, 0
3, 0
3, 0
3, 0
3, 0
3, 0
3, 0
1, 0x3a2b0
0, 0x38290
0, 0x3a2c0
2, 2
3, 0
3, 0
3, 0
3, 0
3, 0
3, 0
3, 0
3, 0
3, 0
3, 0
3, 0
3, 0
3, 0
3, 0
1, 0x3a2c0
0, 0x382a0
0, 0x3a2d0
2, 2
3, 0
3, 0
3, 0
3, 0
3, 0
3, 0
3, 0
3, 0
3, 0
3, 0
3, 0
3, 0
3, 0
3, 0
1, 0x3a2d0
0, 0x382b0
0, 0x3a2e0
2, 2
3, 0
3, 0
3, 0
3, 0
3, 0
3, 0
3, 0
3, 0
3, 0
3, 0
3, 0
3, 0
3, 0
3, 0
1, 0x3a2e0
0, 0x382c0
0, 0x3a2f0
2, 2
3, 0
3, 0
3, 0
3, 0
3, 0
3, 0
3, 0
3, 0
3, 0
3, 0
3, 0
3, 0
3, 0
3, 0
1, 0x3a2f0
0, 0x382d0
0, 0x3a300
2, 2
3, 0
3, 0
3, 0
3, 0
3, 0
3, 0
3, 0
3, 0
3, 0
3, 0
3, 0
3, 0
3, 0
3, 0
1, 0x3a300
0, 0x382e0
0, 0x3a310
2, 2
3, 0
3, 0
3, 0
3, 0
3, 0
3, 0
3, 0
3, 0
3, 0
3, 0
3, 0
3, 0
3, 0
3, 0
1, 0x3a310
0, 0x382f0
0, 0x3a320
2, 2
3, 0
3, 0
3, 0
3, 0
3, 0
3, 0
3, 0
3, 0
3, 0
3, 0
3, 0
3, 0
3, 0
3, 0
1, 0x3a320
0, 0x38300
0, 0x3a330
2, 2
3, 0
3, 0
3, 0
3, 0
3, 0
3, 0
3, 0
3, 0
3, 0
3, 0
3, 0
3, 0
3, 0
3, 0
1, 0x3a330
0, 0x38310
0, 0x3a340
2, 2
3, 0
3, 0
3, 0
3, 0
3, 0
3, 0
3, 0
3, 0
3, 0
3, 0
3, 0
3, 0
3, 0
3, 0
1, 0x3a340
0, 0x38320
0, 0x3a350
2, 2
3, 0
3, 0
3, 0
3, 0
3, 0
3, 0
3, 0
3, 0
3, 0
3, 0
3, 0
3, 0
3, 0
3, 0
1, 0x3a350
0, 0x38330
0, 0x3a360
2, 2
3, 0
3, 0
3, 0
3, 0
3, 0
3, 0
3, 0
3, 0
3, 0
3, 0
3, 0
3, 0
3, 0
3, 0
1, 0x3a360
0, 0x38340
0, 0x3a370
2, 2
3, 0
3, 0
3, 0
3, 0
3, 0
3, 0
3, 0
3, 0
3, 0
3, 0
3, 0
3, 0
3, 0
3, 0
1, 0x3a370
0, 0x38350
0, 0x3a380
2, 2
3, 0
3, 0
3, 0
3, 0
3, 0
3, 0
3, 0
3, 0
3, 0
3, 0
3, 0
3, 0
3, 0
3, 0
1, 0x3a380
0, 0x38360
0, 0x3a390
2, 2
3, 0
3, 0
3, 0
3, 0
3, 0
3, 0
3, 0
3, 0
3, 0
3, 0
3, 0
3, 0
3, 0
3, 0
1, 0x3a390
0, 0x38370
0, 0x3a3a0
2, 2
3, 0
3, 0
3, 0
3, 0
3, 0
3, 0
3, 0
3, 0
3, 0
3, 0
3, 0
3, 0
3, 0
3, 0
1, 0x3a3a0
0, 0x38380
0, 0x3a3b0
2, 2
3, 0
3, 0
3, 0
3, 0
3, 0
3, 0
3, 0
3, 0
3, 0
3, 0
3, 0
3, 0
3, 0
3, 0
1, 0x3a3b0
0, 0x38390
0, 0x3a3c0
2, 2
3, 0
3, 0
3, 0
3, 0
3, 0
3, 0
3, 0
3, 0
3, 0
3, 0
3, 0
3, 0
3, 0
3, 0
1, 0x3a3c0
0, 0x383a0
0, 0x3a3d0
2, 2
3, 0
3, 0
3, 0
3, 0
3, 0
3, 0
3, 0
3, 0
3, 0
3, 0
3, 0
3, 0
3, 0
3, 0
1, 0x3a3d0
0, 0x383b0
0, 0x3a3e0
2, 2
3, 0
3, 0
3, 0
3, 0
3, 0
3, 0
3, 0
3, 0
3, 0
3, 0
3, 0
3, 0
3, 0
3, 0
1, 0x3a3e0
0, 0x383c0
0, 0x3a3f0
2, 2
3, 0
3, 0
3, 0
3, 0
3, 0
3, 0
3, 0
3, 0
3, 0
3, 0
3, 0
3, 0
3, 0
3, 0
1, 0x3a3f0
0, 0x383d0
0, 0x3a400
2, 2
3, 0
3, 0
3, 0
3, 0
3, 0
3, 0
3, 0
3, 0
3, 0
3, 0
3, 0
3, 0
3, 0
3, 0
1, 0x3a400
0, 0x383e0
0, 0x3a410
2, 2
3, 0
3, 0
3, 0
3, 0
3, 0
3, 0
3, 0
3, 0
3, 0
3, 0
3, 0
3, 0
3, 0
3, 0
1, 0x3a410
0, 0x383f0
0, 0x3a420
2, 2
3, 0
3, 0
3, 0
3, 0
3, 0
3, 0
3, 0
3, 0
3, 0
3, 0
3, 0
3, 0
3, 0
3, 0
1, 0x3a420
0, 0x38400
0, 0x3a430
2, 2
3, 0
3, 0
3, 0
3, 0
3, 0
3, 0
3, 0
3, 0
3, 0
3, 0
3, 0
3, 0
3, 0
3, 0
1, 0x3a430
0, 0x38410
0, 0x3a440
2, 2
3, 0
3, 0
3, 0
3, 0
3, 0
3, 0
3, 0
3, 0
3, 0
3, 0
3, 0
3, 0
3, 0
3, 0
1, 0x3a440
0, 0x38420
0, 0x3a450
2, 2
3, 0
3, 0
3, 0
3, 0
3, 0
3, 0
3, 0
3, 0
3, 0
3, 0
3, 0
3, 0
3, 0
3, 0
1, 0x3a450
0, 0x38430
0, 0x3a460
2, 2
3, 0
3, 0
3, 0
3, 0
3, 0
3, 0
3, 0
3, 0
3, 0
3, 0
3, 0
3, 0
3, 0
3, 0
1, 0x3a460
0, 0x38440
0, 0x3a470
2, 2
3, 0
3, 0
3, 0
3, 0
3, 0
3, 0
3, 0
3, 0
3, 0
3, 0
3, 0
3, 0
3, 0
3, 0
1, 0x3a470
0, 0x38450
0, 0x3a480
2, 2
3, 0
3, 0
3, 0
3, 0
3, 0
3, 0
3, 0
3, 0
3, 0
3, 0
3, 0
3, 0
3, 0
3, 0
1, 0x3a480
0, 0x38460
0, 0x3a490
2, 2
3, 0
3, 0
3, 0
3, 0
3, 0
3, 0
3, 0
3, 0
3, 0
3, 0
3, 0
3, 0
3, 0
3, 0
1, 0x3a490
0, 0x38470
0, 0x3a4a0
2, 2
3, 0
3, 0
3, 0
3, 0
3, 0
3, 0
3, 0
3, 0
3, 0
3, 0
3, 0
3, 0
3, 0
3, 0
1, 0x3a4a0
0, 0x38480
0, 0x3a4b0
2, 2
3, 0
3, 0
3, 0
3, 0
3, 0
3, 0
3, 0
3, 0
3, 0
3, 0
3, 0
3, 0
3, 0
3, 0
1, 0x3a4b0
0, 0x38490
0, 0x3a4c0
2, 2
3, 0
3, 0
3, 0
3, 0
3, 0
3, 0
3, 0
3, 0
3, 0
3, 0
3, 0
3, 0
3, 0
3, 0
1, 0x3a4c0
0, 0x384a0
0, 0x3a4d0
2, 2
3, 0
3, 0
3, 0
3, 0
3, 0
3, 0
3, 0
3, 0
3, 0
3, 0
3, 0
3, 0
3, 0
3, 0
1, 0x3a4d0
0, 0x384b0
0, 0x3a4e0
2, 2
3, 0
3, 0
3, 0
3, 0
3, 0
3, 0
3, 0
3, 0
3, 0
3, 0
3, 0
3, 0
3, 0
3, 0
1, 0x3a4e0
0, 0x384c0
0, 0x3a4f0
2, 2
3, 0
3, 0
3, 0
3, 0
3, 0
3, 0
3, 0
3, 0
3, 0
3, 0
3, 0
3, 0
3, 0
3, 0
1, 0x3a4f0
0, 0x384d0
0, 0x3a500
2, 2
3, 0
3, 0
3, 0
3, 0
3, 0
3, 0
3, 0
3, 0
3, 0
3, 0
3, 0
3, 0
3, 0
3, 0
1, 0x3a500
0, 0x384e0
0, 0x3a510
2, 2
3, 0
3, 0
3, 0
3, 0
3, 0
3, 0
3, 0
3, 0
3, 0
3, 0
3, 0
3, 0
3, 0
3, 0
1, 0x3a510
0, 0x384f0
0, 0x3a520
2, 2
3, 0
3, 0
3, 0
3, 0
3, 0
3, 0
3, 0
3, 0
3, 0
3, 0
3, 0
3, 0
3, 0
3, 0
1, 0x3a520
0, 0x38500
0, 0x3a530
2, 2
3, 0
3, 0
3, 0
3, 0
3, 0
3, 0
3, 0
3, 0
3, 0
3, 0
3, 0
3, 0
3, 0
3, 0
1, 0x3a530
0, 0x38510
0, 0x3a540
2, 2
3, 0
3, 0
3, 0
3, 0
3, 0
3, 0
3, 0
3, 0
3, 0
3, 0
3, 0
3, 0
3, 0
3, 0
1, 0x3a540
0, 0x38520
0, 0x3a550
2, 2
3, 0
3, 0
3, 0
3, 0
3, 0
3, 0
3, 0
3, 0
3, 0
3, 0
3, 0
3, 0
3, 0
3, 0
1, 0x3a550
0, 0x38530
0, 0x3a560
2, 2
3, 0
3, 0
3, 0
3, 0
3, 0
3, 0
3, 0
3, 0
3, 0
3, 0
3, 0
3, 0
3, 0
3, 0
1, 0x3a560
0, 0x38540
0, 0x3a570
2, 2
3, 0
3, 0
3, 0
3, 0
3, 0
3, 0
3, 0
3, 0
3, 0
3, 0
3, 0
3, 0
3, 0
3, 0
1, 0x3a570
0, 0x38550
0, 0x3a580
2, 2
3, 0
3, 0
3, 0
3, 0
3, 0
3, 0
3, 0
3, 0
3, 0
3, 0
3, 0
3, 0
3, 0
3, 0
1, 0x3a580
0, 0x38560
0, 0x3a590
2, 2
3, 0
3, 0
3, 0
3, 0
3, 0
3, 0
3, 0
3, 0
3, 0
3, 0
3, 0
3, 0
3, 0
3, 0
1, 0x3a590
0, 0x38570
0, 0x3a5a0
2, 2
3, 0
3, 0
3, 0
3, 0
3, 0
3, 0
3, 0
3, 0
3, 0
3, 0
3, 0
3, 0
3, 0
3, 0
1, 0x3a5a0
0, 0x38580
0, 0x3a5b0
2, 2
3, 0
3, 0
3, 0
3, 0
3, 0
3, 0
3, 0
3, 0
3, 0
3, 0
3, 0
3, 0
3, 0
3, 0
1, 0x3a5b0
0, 0x38590
0, 0x3a5c0
2, 2
3, 0
3, 0
3, 0
3, 0
3, 0
3, 0
3, 0
3, 0
3, 0
3, 0
3, 0
3, 0
3, 0
3, 0
1, 0x3a5c0
0, 0x385a0
0, 0x3a5d0
2, 2
3, 0
3, 0
3, 0
3, 0
3, 0
3, 0
3, 0
3, 0
3, 0
3, 0
3, 0
3, 0
3, 0
3, 0
1, 0x3a5d0
0, 0x385b0
0, 0x3a5e0
2, 2
3, 0
3, 0
3, 0
3, 0
3, 0
3, 0
3, 0
3, 0
3, 0
3, 0
3, 0
3, 0
3, 0
3, 0
1, 0x3a5e0
0, 0x385c0
0, 0x3a5f0
2, 2
3, 0
3, 0
3, 0
3, 0
3, 0
3, 0
3, 0
3, 0
3, 0
3, 0
3, 0
3, 0
3, 0
3, 0
1, 0x3a5f0
0, 0x385d0
0, 0x3a600
2, 2
3, 0
3, 0
3, 0
3, 0
3, 0
3, 0
3, 0
3, 0
3, 0
3, 0
3, 0
3, 0
3, 0
3, 0
1, 0x3a600
0, 0x385e0
0, 0x3a610
2, 2
3, 0
3, 0
3, 0
3, 0
3, 0
3, 0
3, 0
3, 0
3, 0
3, 0
3, 0
3, 0
3, 0
3, 0
1, 0x3a610
0, 0x385f0
0, 0x3a620
2, 2
3, 0
3, 0
3, 0
3, 0
3, 0
3, 0
3, 0
3, 0
3, 0
3, 0
3, 0
3, 0
3, 0
3, 0
1, 0x3a620
0, 0x38600
0, 0x3a630
2, 2
3, 0
3, 0
3, 0
3, 0
3, 0
3, 0
3, 0
3, 0
3, 0
3, 0
3, 0
3, 0
3, 0
3, 0
1, 0x3a630
0, 0x38610
0, 0x3a640
2, 2
3, 0
3, 0
3, 0
3, 0
3, 0
3, 0
3, 0
3, 0
3, 0
3, 0
3, 0
3, 0
3, 0
3, 0
1, 0x3a640
0, 0x38620
0, 0x3a650
2, 2
3, 0
3, 0
3, 0
3, 0
3, 0
3, 0
3, 0
3, 0
3, 0
3, 0
3, 0
3, 0
3, 0
3, 0
1, 0x3a650
0, 0x38630
0, 0x3a660
2, 2
3, 0
3, 0
3, 0
3, 0
3, 0
3, 0
3, 0
3, 0
3, 0
3, 0
3, 0
3, 0
3, 0
3, 0
1, 0x3a660
0, 0x38640
0, 0x3a670
2, 2
3, 0
3, 0
3, 0
3, 0
3, 0
3, 0
3, 0
3, 0
3, 0
3, 0
3, 0
3, 0
3, 0
3, 0
1, 0x3a670
0, 0x38650
0, 0x3a680
2, 2
3, 0
3, 0
3, 0
3, 0
3, 0
3, 0
3, 0
3, 0
3, 0
3, 0
3, 0
3, 0
3, 0
3, 0
1, 0x3a680
0, 0x38660
0, 0x3a690
2, 2
3, 0
3, 0
3, 0
3, 0
3, 0
3, 0
3, 0
3, 0
3, 0
3, 0
3, 0
3, 0
3, 0
3, 0
1, 0x3a690
0, 0x38670
0, 0x3a6a0
2, 2
3, 0
3, 0
3, 0
3, 0
3, 0
3, 0
3, 0
3, 0
3, 0
3, 0
3, 0
3, 0
3, 0
3, 0
1, 0x3a6a0
0, 0x38680
0, 0x3a6b0
2, 2
3, 0
3, 0
3, 0
3, 0
3, 0
3, 0
3, 0
3, 0
3, 0
3, 0
3, 0
3, 0
3, 0
3, 0
1, 0x3a6b0
0, 0x38690
0, 0x3a6c0
2, 2
3, 0
3, 0
3, 0
3, 0
3, 0
3, 0
3, 0
3, 0
3, 0
3, 0
3, 0
3, 0
3, 0
3, 0
1, 0x3a6c0
0, 0x386a0
0, 0x3a6d0
2, 2
3, 0
3, 0
3, 0
3, 0
3, 0
3, 0
3, 0
3, 0
3, 0
3, 0
3, 0
3, 0
3, 0
3, 0
1, 0x3a6d0
0, 0x386b0
0, 0x3a6e0
2, 2
3, 0
3, 0
3, 0
3, 0
3, 0
3, 0
3, 0
3, 0
3, 0
3, 0
3, 0
3, 0
3, 0
3, 0
1, 0x3a6e0
0, 0x386c0
0, 0x3a6f0
2, 2
3, 0
3, 0
3, 0
3, 0
3, 0
3, 0
3, 0
3, 0
3, 0
3, 0
3, 0
3, 0
3, 0
3, 0
1, 0x3a6f0
0, 0x386d0
0, 0x3a700
2, 2
3, 0
3, 0
3, 0
3, 0
3, 0
3, 0
3, 0
3, 0
3, 0
3, 0
3, 0
3, 0
3, 0
3, 0
1, 0x3a700
0, 0x386e0
0, 0x3a710
2, 2
3, 0
3, 0
3, 0
3, 0
3, 0
3, 0
3, 0
3, 0
3, 0
3, 0
3, 0
3, 0
3, 0
3, 0
1, 0x3a710
0, 0x386f0
0, 0x3a720
2, 2
3, 0
3, 0
3, 0
3, 0
3, 0
3, 0
3, 0
3, 0
3, 0
3, 0
3, 0
3, 0
3, 0
3, 0
1, 0x3a720
0, 0x38700
0, 0x3a730
2, 2
3, 0
3, 0
3, 0
3, 0
3, 0
3, 0
3, 0
3, 0
3, 0
3, 0
3, 0
3, 0
3, 0
3, 0
1, 0x3a730
0, 0x38710
0, 0x3a740
2, 2
3, 0
3, 0
3, 0
3, 0
3, 0
3, 0
3, 0
3, 0
3, 0
3, 0
3, 0
3, 0
3, 0
3, 0
1, 0x3a740
0, 0x38720
0, 0x3a750
2, 2
3, 0
3, 0
3, 0
3, 0
3, 0
3, 0
3, 0
3, 0
3, 0
3, 0
3, 0
3, 0
3, 0
3, 0
1, 0x3a750
0, 0x38730
0, 0x3a760
2, 2
3, 0
3, 0
3, 0
3, 0
3, 0
3, 0
3, 0
3, 0
3, 0
3, 0
3, 0
3, 0
3, 0
3, 0
1, 0x3a760
0, 0x38740
0, 0x3a770
2, 2
3, 0
3, 0
3, 0
3, 0
3, 0
3, 0
3, 0
3, 0
3, 0
3, 0
3, 0
3, 0
3, 0
3, 0
1, 0x3a770
0, 0x38750
0, 0x3a780
2, 2
3, 0
3, 0
3, 0
3, 0
3, 0
3, 0
3, 0
3, 0
3, 0
3, 0
3, 0
3, 0
3, 0
3, 0
1, 0x3a780
0, 0x38760
0, 0x3a790
2, 2
3, 0
3, 0
3, 0
3, 0
3, 0
3, 0
3, 0
3, 0
3, 0
3, 0
3, 0
3, 0
3, 0
3, 0
1, 0x3a790
0, 0x38770
0, 0x3a7a0
2, 2
3, 0
3, 0
3, 0
3, 0
3, 0
3, 0
3, 0
3, 0
3, 0
3, 0
3, 0
3, 0
3, 0
3, 0
1, 0x3a7a0
0, 0x38780
0, 0x3a7b0
2, 2
3, 0
3, 0
3, 0
3, 0
3, 0
3, 0
3, 0
3, 0
3, 0
3, 0
3, 0
3, 0
3, 0
3, 0
1, 0x3a7b0
0, 0x38790
0, 0x3a7c0
2, 2
3, 0
3, 0
3, 0
3, 0
3, 0
3, 0
3, 0
3, 0
3, 0
3, 0
3, 0
3, 0
3, 0
3, 0
1, 0x3a7c0
0, 0x387a0
0, 0x3a7d0
2, 2
3, 0
3, 0
3, 0
3, 0
3, 0
3, 0
3, 0
3, 0
3, 0
3, 0
3, 0
3, 0
3, 0
3, 0
1, 0x3a7d0
0, 0x387b0
0, 0x3a7e0
2, 2
3, 0
3, 0
3, 0
3, 0
3, 0
3, 0
3, 0
3, 0
3, 0
3, 0
3, 0
3, 0
3, 0
3, 0
1, 0x3a7e0
0, 0x387c0
0, 0x3a7f0
2, 2
3, 0
3, 0
3, 0
3, 0
3, 0
3, 0
3, 0
3, 0
3, 0
3, 0
3, 0
3, 0
3, 0
3, 0
1, 0x3a7f0
0, 0x387d0
0, 0x3a800
2, 2
3, 0
3, 0
3, 0
3, 0
3, 0
3, 0
3, 0
3, 0
3, 0
3, 0
3, 0
3, 0
3, 0
3, 0
1, 0x3a800
0, 0x387e0
0, 0x3a810
2, 2
3, 0
3, 0
3, 0
3, 0
3, 0
3, 0
3, 0
3, 0
3, 0
3, 0
3, 0
3, 0
3, 0
3, 0
1, 0x3a810
0, 0x387f0
0, 0x3a820
2, 2
3, 0
3, 0
3, 0
3, 0
3, 0
3, 0
3, 0
3, 0
3, 0
3, 0
3, 0
3, 0
3, 0
3, 0
1, 0x3a820
0, 0x38800
0, 0x3a830
2, 2
3, 0
3, 0
3, 0
3, 0
3, 0
3, 0
3, 0
3, 0
3, 0
3, 0
3, 0
3, 0
3, 0
3, 0
1, 0x3a830
0, 0x38810
0, 0x3a840
2, 2
3, 0
3, 0
3, 0
3, 0
3, 0
3, 0
3, 0
3, 0
3, 0
3, 0
3, 0
3, 0
3, 0
3, 0
1, 0x3a840
0, 0x38820
0, 0x3a850
2, 2
3, 0
3, 0
3, 0
3, 0
3, 0
3, 0
3, 0
3, 0
3, 0
3, 0
3, 0
3, 0
3, 0
3, 0
1, 0x3a850
0, 0x38830
0, 0x3a860
2, 2
3, 0
3, 0
3, 0
3, 0
3, 0
3, 0
3, 0
3, 0
3, 0
3, 0
3, 0
3, 0
3, 0
3, 0
1, 0x3a860
0, 0x38840
0, 0x3a870
2, 2
3, 0
3, 0
3, 0
3, 0
3, 0
3, 0
3, 0
3, 0
3, 0
3, 0
3, 0
3, 0
3, 0
3, 0
1, 0x3a870
0, 0x38850
0, 0x3a880
2, 2
3, 0
3, 0
3, 0
3, 0
3, 0
3, 0
3, 0
3, 0
3, 0
3, 0
3, 0
3, 0
3, 0
3, 0
1, 0x3a880
0, 0x38860
0, 0x3a890
2, 2
3, 0
3, 0
3, 0
3, 0
3, 0
3, 0
3, 0
3, 0
3, 0
3, 0
3, 0
3, 0
3, 0
3, 0
1, 0x3a890
0, 0x38870
0, 0x3a8a0
2, 2
3, 0
3, 0
3, 0
3, 0
3, 0
3, 0
3, 0
3, 0
3, 0
3, 0
3, 0
3, 0
3, 0
3, 0
1, 0x3a8a0
0, 0x38880
0, 0x3a8b0
2, 2
3, 0
3, 0
3, 0
3, 0
3, 0
3, 0
3, 0
3, 0
3, 0
3, 0
3, 0
3, 0
3, 0
3, 0
1, 0x3a8b0
0, 0x38890
0, 0x3a8c0
2, 2
3, 0
3, 0
3, 0
3, 0
3, 0
3, 0
3, 0
3, 0
3, 0
3, 0
3, 0
3, 0
3, 0
3, 0
1, 0x3a8c0
0, 0x388a0
0, 0x3a8d0
2, 2
3, 0
3, 0
3, 0
3, 0
3, 0
3, 0
3, 0
3, 0
3, 0
3, 0
3, 0
3, 0
3, 0
3, 0
1, 0x3a8d0
0, 0x388b0
0, 0x3a8e0
2, 2
3, 0
3, 0
3, 0
3, 0
3, 0
3, 0
3, 0
3, 0
3, 0
3, 0
3, 0
3, 0
3, 0
3, 0
1, 0x3a8e0
0, 0x388c0
0, 0x3a8f0
2, 2
3, 0
3, 0
3, 0
3, 0
3, 0
3, 0
3, 0
3, 0
3, 0
3, 0
3, 0
3, 0
3, 0
3, 0
1, 0x3a8f0
0, 0x388d0
0, 0x3a900
2, 2
3, 0
3, 0
3, 0
3, 0
3, 0
3, 0
3, 0
3, 0
3, 0
3, 0
3, 0
3, 0
3, 0
3, 0
1, 0x3a900
0, 0x388e0
0, 0x3a910
2, 2
3, 0
3, 0
3, 0
3, 0
3, 0
3, 0
3, 0
3, 0
3, 0
3, 0
3, 0
3, 0
3, 0
3, 0
1, 0x3a910
0, 0x388f0
0, 0x3a920
2, 2
3, 0
3, 0
3, 0
3, 0
3, 0
3, 0
3, 0
3, 0
3, 0
3, 0
3, 0
3, 0
3, 0
3, 0
1, 0x3a920
0, 0x38900
0, 0x3a930
2, 2
3, 0
3, 0
3, 0
3, 0
3, 0
3, 0
3, 0
3, 0
3, 0
3, 0
3, 0
3, 0
3, 0
3, 0
1, 0x3a930
0, 0x38910
0, 0x3a940
2, 2
3, 0
3, 0
3, 0
3, 0
3, 0
3, 0
3, 0
3, 0
3, 0
3, 0
3, 0
3, 0
3, 0
3, 0
1, 0x3a940
0, 0x38920
0, 0x3a950
2, 2
3, 0
3, 0
3, 0
3, 0
3, 0
3, 0
3, 0
3, 0
3, 0
3, 0
3, 0
3, 0
3, 0
3, 0
1, 0x3a950
0, 0x38930
0, 0x3a960
2, 2
3, 0
3, 0
3, 0
3, 0
3, 0
3, 0
3, 0
3, 0
3, 0
3, 0
3, 0
3, 0
3, 0
3, 0
1, 0x3a960
0, 0x38940
0, 0x3a970
2, 2
3, 0
3, 0
3, 0
3, 0
3, 0
3, 0
3, 0
3, 0
3, 0
3, 0
3, 0
3, 0
3, 0
3, 0
1, 0x3a970
0, 0x38950
0, 0x3a980
2, 2
3, 0
3, 0
3, 0
3, 0
3, 0
3, 0
3, 0
3, 0
3, 0
3, 0
3, 0
3, 0
3, 0
3, 0
1, 0x3a980
0, 0x38960
0, 0x3a990
2, 2
3, 0
3, 0
3, 0
3, 0
3, 0
3, 0
3, 0
3, 0
3, 0
3, 0
3, 0
3, 0
3, 0
3, 0
1, 0x3a990
0, 0x38970
0, 0x3a9a0
2, 2
3, 0
3, 0
3, 0
3, 0
3, 0
3, 0
3, 0
3, 0
3, 0
3, 0
3, 0
3, 0
3, 0
3, 0
1, 0x3a9a0
0, 0x38980
0, 0x3a9b0
2, 2
3, 0
3, 0
3, 0
3, 0
3, 0
3, 0
3, 0
3, 0
3, 0
3, 0
3, 0
3, 0
3, 0
3, 0
1, 0x3a9b0
0, 0x38990
0, 0x3a9c0
2, 2
3, 0
3, 0
3, 0
3, 0
3, 0
3, 0
3, 0
3, 0
3, 0
3, 0
3, 0
3, 0
3, 0
3, 0
1, 0x3a9c0
0, 0x389a0
0, 0x3a9d0
2, 2
3, 0
3, 0
3, 0
3, 0
3, 0
3, 0
3, 0
3, 0
3, 0
3, 0
3, 0
3, 0
3, 0
3, 0
1, 0x3a9d0
0, 0x389b0
0, 0x3a9e0
2, 2
3, 0
3, 0
3, 0
3, 0
3, 0
3, 0
3, 0
3, 0
3, 0
3, 0
3, 0
3, 0
3, 0
3, 0
1, 0x3a9e0
0, 0x389c0
0, 0x3a9f0
2, 2
3, 0
3, 0
3, 0
3, 0
3, 0
3, 0
3, 0
3, 0
3, 0
3, 0
3, 0
3, 0
3, 0
3, 0
1, 0x3a9f0
0, 0x389d0
0, 0x3aa00
2, 2
3, 0
3, 0
3, 0
3, 0
3, 0
3, 0
3, 0
3, 0
3, 0
3, 0
3, 0
3, 0
3, 0
3, 0
1, 0x3aa00
0, 0x389e0
0, 0x3aa10
2, 2
3, 0
3, 0
3, 0
3, 0
3, 0
3, 0
3, 0
3, 0
3, 0
3, 0
3, 0
3, 0
3, 0
3, 0
1, 0x3aa10
0, 0x389f0
0, 0x3aa20
2, 2
3, 0
3, 0
3, 0
3, 0
3, 0
3, 0
3, 0
3, 0
3, 0
3, 0
3, 0
3, 0
3, 0
3, 0
1, 0x3aa20
0, 0x38a00
0, 0x3aa30
2, 2
3, 0
3, 0
3, 0
3, 0
3, 0
3, 0
3, 0
3, 0
3, 0
3, 0
3, 0
3, 0
3, 0
3, 0
1, 0x3aa30
0, 0x38a10
0, 0x3aa40
2, 2
3, 0
3, 0
3, 0
3, 0
3, 0
3, 0
3, 0
3, 0
3, 0
3, 0
3, 0
3, 0
3, 0
3, 0
1, 0x3aa40
0, 0x38a20
0, 0x3aa50
2, 2
3, 0
3, 0
3, 0
3, 0
3, 0
3, 0
3, 0
3, 0
3, 0
3, 0
3, 0
3, 0
3, 0
3, 0
1, 0x3aa50
0, 0x38a30
0, 0x3aa60
2, 2
3, 0
3, 0
3, 0
3, 0
3, 0
3, 0
3, 0
3, 0
3, 0
3, 0
3, 0
3, 0
3, 0
3, 0
1, 0x3aa60
0, 0x38a40
0, 0x3aa70
2, 2
3, 0
3, 0
3, 0
3, 0
3, 0
3, 0
3, 0
3, 0
3, 0
3, 0
3, 0
3, 0
3, 0
3, 0
1, 0x3aa70
0, 0x38a50
0, 0x3aa80
2, 2
3, 0
3, 0
3, 0
3, 0
3, 0
3, 0
3, 0
3, 0
3, 0
3, 0
3, 0
3, 0
3, 0
3, 0
1, 0x3aa80
0, 0x38a60
0, 0x3aa90
2, 2
3, 0
3, 0
3, 0
3, 0
3, 0
3, 0
3, 0
3, 0
3, 0
3, 0
3, 0
3, 0
3, 0
3, 0
1, 0x3aa90
0, 0x38a70
0, 0x3aaa0
2, 2
3, 0
3, 0
3, 0
3, 0
3, 0
3, 0
3, 0
3, 0
3, 0
3, 0
3, 0
3, 0
3, 0
3, 0
1, 0x3aaa0
0, 0x38a80
0, 0x3aab0
2, 2
3, 0
3, 0
3, 0
3, 0
3, 0
3, 0
3, 0
3, 0
3, 0
3, 0
3, 0
3, 0
3, 0
3, 0
1, 0x3aab0
0, 0x38a90
0, 0x3aac0
2, 2
3, 0
3, 0
3, 0
3, 0
3, 0
3, 0
3, 0
3, 0
3, 0
3, 0
3, 0
3, 0
3, 0
3, 0
1, 0x3aac0
0, 0x38aa0
0, 0x3aad0
2, 2
3, 0
3, 0
3, 0
3, 0
3, 0
3, 0
3, 0
3, 0
3, 0
3, 0
3, 0
3, 0
3, 0
3, 0
1, 0x3aad0
0, 0x38ab0
0, 0x3aae0
2, 2
3, 0
3, 0
3, 0
3, 0
3, 0
3, 0
3, 0
3, 0
3, 0
3, 0
3, 0
3, 0
3, 0
3, 0
1, 0x3aae0
0, 0x38ac0
0, 0x3aaf0
2, 2
3, 0
3, 0
3, 0
3, 0
3, 0
3, 0
3, 0
3, 0
3, 0
3, 0
3, 0
3, 0
3, 0
3, 0
1, 0x3aaf0
0, 0x38ad0
0, 0x3ab00
2, 2
3, 0
3, 0
3, 0
3, 0
3, 0
3, 0
3, 0
3, 0
3, 0
3, 0
3, 0
3, 0
3, 0
3, 0
1, 0x3ab00
0, 0x38ae0
0, 0x3ab10
2, 2
3, 0
3, 0
3, 0
3, 0
3, 0
3, 0
3, 0
3, 0
3, 0
3, 0
3, 0
3, 0
3, 0
3, 0
1, 0x3ab10
0, 0x38af0
0, 0x3ab20
2, 2
3, 0
3, 0
3, 0
3, 0
3, 0
3, 0
3, 0
3, 0
3, 0
3, 0
3, 0
3, 0
3, 0
3, 0
1, 0x3ab20
0, 0x38b00
0, 0x3ab30
2, 2
3, 0
3, 0
3, 0
3, 0
3, 0
3, 0
3, 0
3, 0
3, 0
3, 0
3, 0
3, 0
3, 0
3, 0
1, 0x3ab30
0, 0x38b10
0, 0x3ab40
2, 2
3, 0
3, 0
3, 0
3, 0
3, 0
3, 0
3, 0
3, 0
3, 0
3, 0
3, 0
3, 0
3, 0
3, 0
1, 0x3ab40
0, 0x38b20
0, 0x3ab50
2, 2
3, 0
3, 0
3, 0
3, 0
3, 0
3, 0
3, 0
3, 0
3, 0
3, 0
3, 0
3, 0
3, 0
3, 0
1, 0x3ab50
0, 0x38b30
0, 0x3ab60
2, 2
3, 0
3, 0
3, 0
3, 0
3, 0
3, 0
3, 0
3, 0
3, 0
3, 0
3, 0
3, 0
3, 0
3, 0
1, 0x3ab60
0, 0x38b40
0, 0x3ab70
2, 2
3, 0
3, 0
3, 0
3, 0
3, 0
3, 0
3, 0
3, 0
3, 0
3, 0
3, 0
3, 0
3, 0
3, 0
1, 0x3ab70
0, 0x38b50
0, 0x3ab80
2, 2
3, 0
3, 0
3, 0
3, 0
3, 0
3, 0
3, 0
3, 0
3, 0
3, 0
3, 0
3, 0
3, 0
3, 0
1, 0x3ab80
0, 0x38b60
0, 0x3ab90
2, 2
3, 0
3, 0
3, 0
3, 0
3, 0
3, 0
3, 0
3, 0
3, 0
3, 0
3, 0
3, 0
3, 0
3, 0
1, 0x3ab90
0, 0x38b70
0, 0x3aba0
2, 2
3, 0
3, 0
3, 0
3, 0
3, 0
3, 0
3, 0
3, 0
3, 0
3, 0
3, 0
3, 0
3, 0
3, 0
1, 0x3aba0
0, 0x38b80
0, 0x3abb0
2, 2
3, 0
3, 0
3, 0
3, 0
3, 0
3, 0
3, 0
3, 0
3, 0
3, 0
3, 0
3, 0
3, 0
3, 0
1, 0x3abb0
0, 0x38b90
0, 0x3abc0
2, 2
3, 0
3, 0
3, 0
3, 0
3, 0
3, 0
3, 0
3, 0
3, 0
3, 0
3, 0
3, 0
3, 0
3, 0
1, 0x3abc0
0, 0x38ba0
0, 0x3abd0
2, 2
3, 0
3, 0
3, 0
3, 0
3, 0
3, 0
3, 0
3, 0
3, 0
3, 0
3, 0
3, 0
3, 0
3, 0
1, 0x3abd0
0, 0x38bb0
0, 0x3abe0
2, 2
3, 0
3, 0
3, 0
3, 0
3, 0
3, 0
3, 0
3, 0
3, 0
3, 0
3, 0
3, 0
3, 0
3, 0
1, 0x3abe0
0, 0x38bc0
0, 0x3abf0
2, 2
3, 0
3, 0
3, 0
3, 0
3, 0
3, 0
3, 0
3, 0
3, 0
3, 0
3, 0
3, 0
3, 0
3, 0
1, 0x3abf0
0, 0x38bd0
0, 0x3ac00
2, 2
3, 0
3, 0
3, 0
3, 0
3, 0
3, 0
3, 0
3, 0
3, 0
3, 0
3, 0
3, 0
3, 0
3, 0
1, 0x3ac00
0, 0x38be0
0, 0x3ac10
2, 2
3, 0
3, 0
3, 0
3, 0
3, 0
3, 0
3, 0
3, 0
3, 0
3, 0
3, 0
3, 0
3, 0
3, 0
1, 0x3ac10
0, 0x38bf0
0, 0x3ac20
2, 2
3, 0
3, 0
3, 0
3, 0
3, 0
3, 0
3, 0
3, 0
3, 0
3, 0
3, 0
3, 0
3, 0
3, 0
1, 0x3ac20
0, 0x38c00
0, 0x3ac30
2, 2
3, 0
3, 0
3, 0
3, 0
3, 0
3, 0
3, 0
3, 0
3, 0
3, 0
3, 0
3, 0
3, 0
3, 0
1, 0x3ac30
0, 0x38c10
0, 0x3ac40
2, 2
3, 0
3, 0
3, 0
3, 0
3, 0
3, 0
3, 0
3, 0
3, 0
3, 0
3, 0
3, 0
3, 0
3, 0
1, 0x3ac40
0, 0x38c20
0, 0x3ac50
2, 2
3, 0
3, 0
3, 0
3, 0
3, 0
3, 0
3, 0
3, 0
3, 0
3, 0
3, 0
3, 0
3, 0
3, 0
1, 0x3ac50
0, 0x38c30
0, 0x3ac60
2, 2
3, 0
3, 0
3, 0
3, 0
3, 0
3, 0
3, 0
3, 0
3, 0
3, 0
3, 0
3, 0
3, 0
3, 0
1, 0x3ac60
0, 0x38c40
0, 0x3ac70
2, 2
3, 0
3, 0
3, 0
3, 0
3, 0
3, 0
3, 0
3, 0
3, 0
3, 0
3, 0
3, 0
3, 0
3, 0
1, 0x3ac70
0, 0x38c50
0, 0x3ac80
2, 2
3, 0
3, 0
3, 0
3, 0
3, 0
3, 0
3, 0
3, 0
3, 0
3, 0
3, 0
3, 0
3, 0
3, 0
1, 0x3ac80
0, 0x38c60
0, 0x3ac90
2, 2
3, 0
3, 0
3, 0
3, 0
3, 0
3, 0
3, 0
3, 0
3, 0
3, 0
3, 0
3, 0
3, 0
3, 0
1, 0x3ac90
0, 0x38c70
0, 0x3aca0
2, 2
3, 0
3, 0
3, 0
3, 0
3, 0
3, 0
3, 0
3, 0
3, 0
3, 0
3, 0
3, 0
3, 0
3, 0
1, 0x3aca0
0, 0x38c80
0, 0x3acb0
2, 2
3, 0
3, 0
3, 0
3, 0
3, 0
3, 0
3, 0
3, 0
3, 0
3, 0
3, 0
3, 0
3, 0
3, 0
1, 0x3acb0
0, 0x38c90
0, 0x3acc0
2, 2
3, 0
3, 0
3, 0
3, 0
3, 0
3, 0
3, 0
3, 0
3, 0
3, 0
3, 0
3, 0
3, 0
3, 0
1, 0x3acc0
0, 0x38ca0
0, 0x3acd0
2, 2
3, 0
3, 0
3, 0
3, 0
3, 0
3, 0
3, 0
3, 0
3, 0
3, 0
3, 0
3, 0
3, 0
3, 0
1, 0x3acd0
0, 0x38cb0
0, 0x3ace0
2, 2
3, 0
3, 0
3, 0
3, 0
3, 0
3, 0
3, 0
3, 0
3, 0
3, 0
3, 0
3, 0
3, 0
3, 0
1, 0x3ace0
0, 0x38cc0
0, 0x3acf0
2, 2
3, 0
3, 0
3, 0
3, 0
3, 0
3, 0
3, 0
3, 0
3, 0
3, 0
3, 0
3, 0
3, 0
3, 0
1, 0x3acf0
0, 0x38cd0
0, 0x3ad00
2, 2
3, 0
3, 0
3, 0
3, 0
3, 0
3, 0
3, 0
3, 0
3, 0
3, 0
3, 0
3, 0
3, 0
3, 0
1, 0x3ad00
0, 0x38ce0
0, 0x3ad10
2, 2
3, 0
3, 0
3, 0
3, 0
3, 0
3, 0
3, 0
3, 0
3, 0
3, 0
3, 0
3, 0
3, 0
3, 0
1, 0x3ad10
0, 0x38cf0
0, 0x3ad20
2, 2
3, 0
3, 0
3, 0
3, 0
3, 0
3, 0
3, 0
3, 0
3, 0
3, 0
3, 0
3, 0
3, 0
3, 0
1, 0x3ad20
0, 0x38d00
0, 0x3ad30
2, 2
3, 0
3, 0
3, 0
3, 0
3, 0
3, 0
3, 0
3, 0
3, 0
3, 0
3, 0
3, 0
3, 0
3, 0
1, 0x3ad30
0, 0x38d10
0, 0x3ad40
2, 2
3, 0
3, 0
3, 0
3, 0
3, 0
3, 0
3, 0
3, 0
3, 0
3, 0
3, 0
3, 0
3, 0
3, 0
1, 0x3ad40
0, 0x38d20
0, 0x3ad50
2, 2
3, 0
3, 0
3, 0
3, 0
3, 0
3, 0
3, 0
3, 0
3, 0
3, 0
3, 0
3, 0
3, 0
3, 0
1, 0x3ad50
0, 0x38d30
0, 0x3ad60
2, 2
3, 0
3, 0
3, 0
3, 0
3, 0
3, 0
3, 0
3, 0
3, 0
3, 0
3, 0
3, 0
3, 0
3, 0
1, 0x3ad60
0, 0x38d40
0, 0x3ad70
2, 2
3, 0
3, 0
3, 0
3, 0
3, 0
3, 0
3, 0
3, 0
3, 0
3, 0
3, 0
3, 0
3, 0
3, 0
1, 0x3ad70
0, 0x38d50
0, 0x3ad80
2, 2
3, 0
3, 0
3, 0
3, 0
3, 0
3, 0
3, 0
3, 0
3, 0
3, 0
3, 0
3, 0
3, 0
3, 0
1, 0x3ad80
0, 0x38d60
0, 0x3ad90
2, 2
3, 0
3, 0
3, 0
3, 0
3, 0
3, 0
3, 0
3, 0
3, 0
3, 0
3, 0
3, 0
3, 0
3, 0
1, 0x3ad90
0, 0x38d70
0, 0x3ada0
2, 2
3, 0
3, 0
3, 0
3, 0
3, 0
3, 0
3, 0
3, 0
3, 0
3, 0
3, 0
3, 0
3, 0
3, 0
1, 0x3ada0
0, 0x38d80
0, 0x3adb0
2, 2
3, 0
3, 0
3, 0
3, 0
3, 0
3, 0
3, 0
3, 0
3, 0
3, 0
3, 0
3, 0
3, 0
3, 0
1, 0x3adb0
0, 0x38d90
0, 0x3adc0
2, 2
3, 0
3, 0
3, 0
3, 0
3, 0
3, 0
3, 0
3, 0
3, 0
3, 0
3, 0
3, 0
3, 0
3, 0
1, 0x3adc0
0, 0x38da0
0, 0x3add0
2, 2
3, 0
3, 0
3, 0
3, 0
3, 0
3, 0
3, 0
3, 0
3, 0
3, 0
3, 0
3, 0
3, 0
3, 0
1, 0x3add0
0, 0x38db0
0, 0x3ade0
2, 2
3, 0
3, 0
3, 0
3, 0
3, 0
3, 0
3, 0
3, 0
3, 0
3, 0
3, 0
3, 0
3, 0
3, 0
1, 0x3ade0
0, 0x38dc0
0, 0x3adf0
2, 2
3, 0
3, 0
3, 0
3, 0
3, 0
3, 0
3, 0
3, 0
3, 0
3, 0
3, 0
3, 0
3, 0
3, 0
1, 0x3adf0
0, 0x38dd0
0, 0x3ae00
2, 2
3, 0
3, 0
3, 0
3, 0
3, 0
3, 0
3, 0
3, 0
3, 0
3, 0
3, 0
3, 0
3, 0
3, 0
1, 0x3ae00
0, 0x38de0
0, 0x3ae10
2, 2
3, 0
3, 0
3, 0
3, 0
3, 0
3, 0
3, 0
3, 0
3, 0
3, 0
3, 0
3, 0
3, 0
3, 0
1, 0x3ae10
0, 0x38df0
0, 0x3ae20
2, 2
3, 0
3, 0
3, 0
3, 0
3, 0
3, 0
3, 0
3, 0
3, 0
3, 0
3, 0
3, 0
3, 0
3, 0
1, 0x3ae20
0, 0x38e00
0, 0x3ae30
2, 2
3, 0
3, 0
3, 0
3, 0
3, 0
3, 0
3, 0
3, 0
3, 0
3, 0
3, 0
3, 0
3, 0
3, 0
1, 0x3ae30
0, 0x38e10
0, 0x3ae40
2, 2
3, 0
3, 0
3, 0
3, 0
3, 0
3, 0
3, 0
3, 0
3, 0
3, 0
3, 0
3, 0
3, 0
3, 0
1, 0x3ae40
0, 0x38e20
0, 0x3ae50
2, 2
3, 0
3, 0
3, 0
3, 0
3, 0
3, 0
3, 0
3, 0
3, 0
3, 0
3, 0
3, 0
3, 0
3, 0
1, 0x3ae50
0, 0x38e30
0, 0x3ae60
2, 2
3, 0
3, 0
3, 0
3, 0
3, 0
3, 0
3, 0
3, 0
3, 0
3, 0
3, 0
3, 0
3, 0
3, 0
1, 0x3ae60
0, 0x38e40
0, 0x3ae70
2, 2
3, 0
3, 0
3, 0
3, 0
3, 0
3, 0
3, 0
3, 0
3, 0
3, 0
3, 0
3, 0
3, 0
3, 0
1, 0x3ae70
0, 0x38e50
0, 0x3ae80
2, 2
3, 0
3, 0
3, 0
3, 0
3, 0
3, 0
3, 0
3, 0
3, 0
3, 0
3, 0
3, 0
3, 0
3, 0
1, 0x3ae80
0, 0x38e60
0, 0x3ae90
2, 2
3, 0
3, 0
3, 0
3, 0
3, 0
3, 0
3, 0
3, 0
3, 0
3, 0
3, 0
3, 0
3, 0
3, 0
1, 0x3ae90
0, 0x38e70
0, 0x3aea0
2, 2
3, 0
3, 0
3, 0
3, 0
3, 0
3, 0
3, 0
3, 0
3, 0
3, 0
3, 0
3, 0
3, 0
3, 0
1, 0x3aea0
0, 0x38e80
0, 0x3aeb0
2, 2
3, 0
3, 0
3, 0
3, 0
3, 0
3, 0
3, 0
3, 0
3, 0
3, 0
3, 0
3, 0
3, 0
3, 0
1, 0x3aeb0
0, 0x38e90
0, 0x3aec0
2, 2
3, 0
3, 0
3, 0
3, 0
3, 0
3, 0
3, 0
3, 0
3, 0
3, 0
3, 0
3, 0
3, 0
3, 0
1, 0x3aec0
0, 0x38ea0
0, 0x3aed0
2, 2
3, 0
3, 0
3, 0
3, 0
3, 0
3, 0
3, 0
3, 0
3, 0
3, 0
3, 0
3, 0
3, 0
3, 0
1, 0x3aed0
0, 0x38eb0
0, 0x3aee0
2, 2
3, 0
3, 0
3, 0
3, 0
3, 0
3, 0
3, 0
3, 0
3, 0
3, 0
3, 0
3, 0
3, 0
3, 0
1, 0x3aee0
0, 0x38ec0
0, 0x3aef0
2, 2
3, 0
3, 0
3, 0
3, 0
3, 0
3, 0
3, 0
3, 0
3, 0
3, 0
3, 0
3, 0
3, 0
3, 0
1, 0x3aef0
0, 0x38ed0
0, 0x3af00
2, 2
3, 0
3, 0
3, 0
3, 0
3, 0
3, 0
3, 0
3, 0
3, 0
3, 0
3, 0
3, 0
3, 0
3, 0
1, 0x3af00
0, 0x38ee0
0, 0x3af10
2, 2
3, 0
3, 0
3, 0
3, 0
3, 0
3, 0
3, 0
3, 0
3, 0
3, 0
3, 0
3, 0
3, 0
3, 0
1, 0x3af10
0, 0x38ef0
0, 0x3af20
2, 2
3, 0
3, 0
3, 0
3, 0
3, 0
3, 0
3, 0
3, 0
3, 0
3, 0
3, 0
3, 0
3, 0
3, 0
1, 0x3af20
0, 0x38f00
0, 0x3af30
2, 2
3, 0
3, 0
3, 0
3, 0
3, 0
3, 0
3, 0
3, 0
3, 0
3, 0
3, 0
3, 0
3, 0
3, 0
1, 0x3af30
0, 0x38f10
0, 0x3af40
2, 2
3, 0
3, 0
3, 0
3, 0
3, 0
3, 0
3, 0
3, 0
3, 0
3, 0
3, 0
3, 0
3, 0
3, 0
1, 0x3af40
0, 0x38f20
0, 0x3af50
2, 2
3, 0
3, 0
3, 0
3, 0
3, 0
3, 0
3, 0
3, 0
3, 0
3, 0
3, 0
3, 0
3, 0
3, 0
1, 0x3af50
0, 0x38f30
0, 0x3af60
2, 2
3, 0
3, 0
3, 0
3, 0
3, 0
3, 0
3, 0
3, 0
3, 0
3, 0
3, 0
3, 0
3, 0
3, 0
1, 0x3af60
0, 0x38f40
0, 0x3af70
2, 2
3, 0
3, 0
3, 0
3, 0
3, 0
3, 0
3, 0
3, 0
3, 0
3, 0
3, 0
3, 0
3, 0
3, 0
1, 0x3af70
0, 0x38f50
0, 0x3af80
2, 2
3, 0
3, 0
3, 0
3, 0
3, 0
3, 0
3, 0
3, 0
3, 0
3, 0
3, 0
3, 0
3, 0
3, 0
1, 0x3af80
0, 0x38f60
0, 0x3af90
2, 2
3, 0
3, 0
3, 0
3, 0
3, 0
3, 0
3, 0
3, 0
3, 0
3, 0
3, 0
3, 0
3, 0
3, 0
1, 0x3af90
0, 0x38f70
0, 0x3afa0
2, 2
3, 0
3, 0
3, 0
3, 0
3, 0
3, 0
3, 0
3, 0
3, 0
3, 0
3, 0
3, 0
3, 0
3, 0
1, 0x3afa0
0, 0x38f80
0, 0x3afb0
2, 2
3, 0
3, 0
3, 0
3, 0
3, 0
3, 0
3, 0
3, 0
3, 0
3, 0
3, 0
3, 0
3, 0
3, 0
1, 0x3afb0
0, 0x38f90
0, 0x3afc0
2, 2
3, 0
3, 0
3, 0
3, 0
3, 0
3, 0
3, 0
3, 0
3, 0
3, 0
3, 0
3, 0
3, 0
3, 0
1, 0x3afc0
0, 0x38fa0
0, 0x3afd0
2, 2
3, 0
3, 0
3, 0
3, 0
3, 0
3, 0
3, 0
3, 0
3, 0
3, 0
3, 0
3, 0
3, 0
3, 0
1, 0x3afd0
0, 0x38fb0
0, 0x3afe0
2, 2
3, 0
3, 0
3, 0
3, 0
3, 0
3, 0
3, 0
3, 0
3, 0
3, 0
3, 0
3, 0
3, 0
3, 0
1, 0x3afe0
0, 0x38fc0
0, 0x3aff0
2, 2
3, 0
3, 0
3, 0
3, 0
3, 0
3, 0
3, 0
3, 0
3, 0
3, 0
3, 0
3, 0
3, 0
3, 0
1, 0x3aff0
0, 0x38fd0
0, 0x3b000
2, 2
3, 0
3, 0
3, 0
3, 0
3, 0
3, 0
3, 0
3, 0
3, 0
3, 0
3, 0
3, 0
3, 0
3, 0
1, 0x3b000
0, 0x38fe0
0, 0x3b010
2, 2
3, 0
3, 0
3, 0
3, 0
3, 0
3, 0
3, 0
3, 0
3, 0
3, 0
3, 0
3, 0
3, 0
3, 0
1, 0x3b010
0, 0x38ff0
0, 0x3b020
2, 2
3, 0
3, 0
3, 0
3, 0
3, 0
3, 0
3, 0
3, 0
3, 0
3, 0
3, 0
3, 0
3, 0
3, 0
1, 0x3b020
0, 0x39000
0, 0x3b030
2, 2
3, 0
3, 0
3, 0
3, 0
3, 0
3, 0
3, 0
3, 0
3, 0
3, 0
3, 0
3, 0
3, 0
3, 0
1, 0x3b030
0, 0x39010
0, 0x3b040
2, 2
3, 0
3, 0
3, 0
3, 0
3, 0
3, 0
3, 0
3, 0
3, 0
3, 0
3, 0
3, 0
3, 0
3, 0
1, 0x3b040
0, 0x39020
0, 0x3b050
2, 2
3, 0
3, 0
3, 0
3, 0
3, 0
3, 0
3, 0
3, 0
3, 0
3, 0
3, 0
3, 0
3, 0
3, 0
1, 0x3b050
0, 0x39030
0, 0x3b060
2, 2
3, 0
3, 0
3, 0
3, 0
3, 0
3, 0
3, 0
3, 0
3, 0
3, 0
3, 0
3, 0
3, 0
3, 0
1, 0x3b060
0, 0x39040
0, 0x3b070
2, 2
3, 0
3, 0
3, 0
3, 0
3, 0
3, 0
3, 0
3, 0
3, 0
3, 0
3, 0
3, 0
3, 0
3, 0
1, 0x3b070
0, 0x39050
0, 0x3b080
2, 2
3, 0
3, 0
3, 0
3, 0
3, 0
3, 0
3, 0
3, 0
3, 0
3, 0
3, 0
3, 0
3, 0
3, 0
1, 0x3b080
0, 0x39060
0, 0x3b090
2, 2
3, 0
3, 0
3, 0
3, 0
3, 0
3, 0
3, 0
3, 0
3, 0
3, 0
3, 0
3, 0
3, 0
3, 0
1, 0x3b090
0, 0x39070
0, 0x3b0a0
2, 2
3, 0
3, 0
3, 0
3, 0
3, 0
3, 0
3, 0
3, 0
3, 0
3, 0
3, 0
3, 0
3, 0
3, 0
1, 0x3b0a0
0, 0x39080
0, 0x3b0b0
2, 2
3, 0
3, 0
3, 0
3, 0
3, 0
3, 0
3, 0
3, 0
3, 0
3, 0
3, 0
3, 0
3, 0
3, 0
1, 0x3b0b0
0, 0x39090
0, 0x3b0c0
2, 2
3, 0
3, 0
3, 0
3, 0
3, 0
3, 0
3, 0
3, 0
3, 0
3, 0
3, 0
3, 0
3, 0
3, 0
1, 0x3b0c0
0, 0x390a0
0, 0x3b0d0
2, 2
3, 0
3, 0
3, 0
3, 0
3, 0
3, 0
3, 0
3, 0
3, 0
3, 0
3, 0
3, 0
3, 0
3, 0
1, 0x3b0d0
0, 0x390b0
0, 0x3b0e0
2, 2
3, 0
3, 0
3, 0
3, 0
3, 0
3, 0
3, 0
3, 0
3, 0
3, 0
3, 0
3, 0
3, 0
3, 0
1, 0x3b0e0
0, 0x390c0
0, 0x3b0f0
2, 2
3, 0
3, 0
3, 0
3, 0
3, 0
3, 0
3, 0
3, 0
3, 0
3, 0
3, 0
3, 0
3, 0
3, 0
1, 0x3b0f0
0, 0x390d0
0, 0x3b100
2, 2
3, 0
3, 0
3, 0
3, 0
3, 0
3, 0
3, 0
3, 0
3, 0
3, 0
3, 0
3, 0
3, 0
3, 0
1, 0x3b100
0, 0x390e0
0, 0x3b110
2, 2
3, 0
3, 0
3, 0
3, 0
3, 0
3, 0
3, 0
3, 0
3, 0
3, 0
3, 0
3, 0
3, 0
3, 0
1, 0x3b110
0, 0x390f0
0, 0x3b120
2, 2
3, 0
3, 0
3, 0
3, 0
3, 0
3, 0
3, 0
3, 0
3, 0
3, 0
3, 0
3, 0
3, 0
3, 0
1, 0x3b120
0, 0x39100
0, 0x3b130
2, 2
3, 0
3, 0
3, 0
3, 0
3, 0
3, 0
3, 0
3, 0
3, 0
3, 0
3, 0
3, 0
3, 0
3, 0
1, 0x3b130
0, 0x39110
0, 0x3b140
2, 2
3, 0
3, 0
3, 0
3, 0
3, 0
3, 0
3, 0
3, 0
3, 0
3, 0
3, 0
3, 0
3, 0
3, 0
1, 0x3b140
0, 0x39120
0, 0x3b150
2, 2
3, 0
3, 0
3, 0
3, 0
3, 0
3, 0
3, 0
3, 0
3, 0
3, 0
3, 0
3, 0
3, 0
3, 0
1, 0x3b150
0, 0x39130
0, 0x3b160
2, 2
3, 0
3, 0
3, 0
3, 0
3, 0
3, 0
3, 0
3, 0
3, 0
3, 0
3, 0
3, 0
3, 0
3, 0
1, 0x3b160
0, 0x39140
0, 0x3b170
2, 2
3, 0
3, 0
3, 0
3, 0
3, 0
3, 0
3, 0
3, 0
3, 0
3, 0
3, 0
3, 0
3, 0
3, 0
1, 0x3b170
0, 0x39150
0, 0x3b180
2, 2
3, 0
3, 0
3, 0
3, 0
3, 0
3, 0
3, 0
3, 0
3, 0
3, 0
3, 0
3, 0
3, 0
3, 0
1, 0x3b180
0, 0x39160
0, 0x3b190
2, 2
3, 0
3, 0
3, 0
3, 0
3, 0
3, 0
3, 0
3, 0
3, 0
3, 0
3, 0
3, 0
3, 0
3, 0
1, 0x3b190
0, 0x39170
0, 0x3b1a0
2, 2
3, 0
3, 0
3, 0
3, 0
3, 0
3, 0
3, 0
3, 0
3, 0
3, 0
3, 0
3, 0
3, 0
3, 0
1, 0x3b1a0
0, 0x39180
0, 0x3b1b0
2, 2
3, 0
3, 0
3, 0
3, 0
3, 0
3, 0
3, 0
3, 0
3, 0
3, 0
3, 0
3, 0
3, 0
3, 0
1, 0x3b1b0
0, 0x39190
0, 0x3b1c0
2, 2
3, 0
3, 0
3, 0
3, 0
3, 0
3, 0
3, 0
3, 0
3, 0
3, 0
3, 0
3, 0
3, 0
3, 0
1, 0x3b1c0
0, 0x391a0
0, 0x3b1d0
2, 2
3, 0
3, 0
3, 0
3, 0
3, 0
3, 0
3, 0
3, 0
3, 0
3, 0
3, 0
3, 0
3, 0
3, 0
1, 0x3b1d0
0, 0x391b0
0, 0x3b1e0
2, 2
3, 0
3, 0
3, 0
3, 0
3, 0
3, 0
3, 0
3, 0
3, 0
3, 0
3, 0
3, 0
3, 0
3, 0
1, 0x3b1e0
0, 0x391c0
0, 0x3b1f0
2, 2
3, 0
3, 0
3, 0
3, 0
3, 0
3, 0
3, 0
3, 0
3, 0
3, 0
3, 0
3, 0
3, 0
3, 0
1, 0x3b1f0
0, 0x391d0
0, 0x3b200
2, 2
3, 0
3, 0
3, 0
3, 0
3, 0
3, 0
3, 0
3, 0
3, 0
3, 0
3, 0
3, 0
3, 0
3, 0
1, 0x3b200
0, 0x391e0
0, 0x3b210
2, 2
3, 0
3, 0
3, 0
3, 0
3, 0
3, 0
3, 0
3, 0
3, 0
3, 0
3, 0
3, 0
3, 0
3, 0
1, 0x3b210
0, 0x391f0
0, 0x3b220
2, 2
3, 0
3, 0
3, 0
3, 0
3, 0
3, 0
3, 0
3, 0
3, 0
3, 0
3, 0
3, 0
3, 0
3, 0
1, 0x3b220
0, 0x39200
0, 0x3b230
2, 2
3, 0
3, 0
3, 0
3, 0
3, 0
3, 0
3, 0
3, 0
3, 0
3, 0
3, 0
3, 0
3, 0
3, 0
1, 0x3b230
0, 0x39210
0, 0x3b240
2, 2
3, 0
3, 0
3, 0
3, 0
3, 0
3, 0
3, 0
3, 0
3, 0
3, 0
3, 0
3, 0
3, 0
3, 0
1, 0x3b240
0, 0x39220
0, 0x3b250
2, 2
3, 0
3, 0
3, 0
3, 0
3, 0
3, 0
3, 0
3, 0
3, 0
3, 0
3, 0
3, 0
3, 0
3, 0
1, 0x3b250
0, 0x39230
0, 0x3b260
2, 2
3, 0
3, 0
3, 0
3, 0
3, 0
3, 0
3, 0
3, 0
3, 0
3, 0
3, 0
3, 0
3, 0
3, 0
1, 0x3b260
0, 0x39240
0, 0x3b270
2, 2
3, 0
3, 0
3, 0
3, 0
3, 0
3, 0
3, 0
3, 0
3, 0
3, 0
3, 0
3, 0
3, 0
3, 0
1, 0x3b270
0, 0x39250
0, 0x3b280
2, 2
3, 0
3, 0
3, 0
3, 0
3, 0
3, 0
3, 0
3, 0
3, 0
3, 0
3, 0
3, 0
3, 0
3, 0
1, 0x3b280
0, 0x39260
0, 0x3b290
2, 2
3, 0
3, 0
3, 0
3, 0
3, 0
3, 0
3, 0
3, 0
3, 0
3, 0
3, 0
3, 0
3, 0
3, 0
1, 0x3b290
0, 0x39270
0, 0x3b2a0
2, 2
3, 0
3, 0
3, 0
3, 0
3, 0
3, 0
3, 0
3, 0
3, 0
3, 0
3, 0
3, 0
3, 0
3, 0
1, 0x3b2a0
0, 0x39280
0, 0x3b2b0
2, 2
3, 0
3, 0
3, 0
3, 0
3, 0
3, 0
3, 0
3, 0
3, 0
3, 0
3, 0
3, 0
3, 0
3, 0
1, 0x3b2b0
0, 0x39290
0, 0x3b2c0
2, 2
3, 0
3, 0
3, 0
3, 0
3, 0
3, 0
3, 0
3, 0
3, 0
3, 0
3, 0
3, 0
3, 0
3, 0
1, 0x3b2c0
0, 0x392a0
0, 0x3b2d0
2, 2
3, 0
3, 0
3, 0
3, 0
3, 0
3, 0
3, 0
3, 0
3, 0
3, 0
3, 0
3, 0
3, 0
3, 0
1, 0x3b2d0
0, 0x392b0
0, 0x3b2e0
2, 2
3, 0
3, 0
3, 0
3, 0
3, 0
3, 0
3, 0
3, 0
3, 0
3, 0
3, 0
3, 0
3, 0
3, 0
1, 0x3b2e0
0, 0x392c0
0, 0x3b2f0
2, 2
3, 0
3, 0
3, 0
3, 0
3, 0
3, 0
3, 0
3, 0
3, 0
3, 0
3, 0
3, 0
3, 0
3, 0
1, 0x3b2f0
0, 0x392d0
0, 0x3b300
2, 2
3, 0
3, 0
3, 0
3, 0
3, 0
3, 0
3, 0
3, 0
3, 0
3, 0
3, 0
3, 0
3, 0
3, 0
1, 0x3b300
0, 0x392e0
0, 0x3b310
2, 2
3, 0
3, 0
3, 0
3, 0
3, 0
3, 0
3, 0
3, 0
3, 0
3, 0
3, 0
3, 0
3, 0
3, 0
1, 0x3b310
0, 0x392f0
0, 0x3b320
2, 2
3, 0
3, 0
3, 0
3, 0
3, 0
3, 0
3, 0
3, 0
3, 0
3, 0
3, 0
3, 0
3, 0
3, 0
1, 0x3b320
0, 0x39300
0, 0x3b330
2, 2
3, 0
3, 0
3, 0
3, 0
3, 0
3, 0
3, 0
3, 0
3, 0
3, 0
3, 0
3, 0
3, 0
3, 0
1, 0x3b330
0, 0x39310
0, 0x3b340
2, 2
3, 0
3, 0
3, 0
3, 0
3, 0
3, 0
3, 0
3, 0
3, 0
3, 0
3, 0
3, 0
3, 0
3, 0
1, 0x3b340
0, 0x39320
0, 0x3b350
2, 2
3, 0
3, 0
3, 0
3, 0
3, 0
3, 0
3, 0
3, 0
3, 0
3, 0
3, 0
3, 0
3, 0
3, 0
1, 0x3b350
0, 0x39330
0, 0x3b360
2, 2
3, 0
3, 0
3, 0
3, 0
3, 0
3, 0
3, 0
3, 0
3, 0
3, 0
3, 0
3, 0
3, 0
3, 0
1, 0x3b360
0, 0x39340
0, 0x3b370
2, 2
3, 0
3, 0
3, 0
3, 0
3, 0
3, 0
3, 0
3, 0
3, 0
3, 0
3, 0
3, 0
3, 0
3, 0
1, 0x3b370
0, 0x39350
0, 0x3b380
2, 2
3, 0
3, 0
3, 0
3, 0
3, 0
3, 0
3, 0
3, 0
3, 0
3, 0
3, 0
3, 0
3, 0
3, 0
1, 0x3b380
0, 0x39360
0, 0x3b390
2, 2
3, 0
3, 0
3, 0
3, 0
3, 0
3, 0
3, 0
3, 0
3, 0
3, 0
3, 0
3, 0
3, 0
3, 0
1, 0x3b390
0, 0x39370
0, 0x3b3a0
2, 2
3, 0
3, 0
3, 0
3, 0
3, 0
3, 0
3, 0
3, 0
3, 0
3, 0
3, 0
3, 0
3, 0
3, 0
1, 0x3b3a0
0, 0x39380
0, 0x3b3b0
2, 2
3, 0
3, 0
3, 0
3, 0
3, 0
3, 0
3, 0
3, 0
3, 0
3, 0
3, 0
3, 0
3, 0
3, 0
1, 0x3b3b0
0, 0x39390
0, 0x3b3c0
2, 2
3, 0
3, 0
3, 0
3, 0
3, 0
3, 0
3, 0
3, 0
3, 0
3, 0
3, 0
3, 0
3, 0
3, 0
1, 0x3b3c0
0, 0x393a0
0, 0x3b3d0
2, 2
3, 0
3, 0
3, 0
3, 0
3, 0
3, 0
3, 0
3, 0
3, 0
3, 0
3, 0
3, 0
3, 0
3, 0
1, 0x3b3d0
0, 0x393b0
0, 0x3b3e0
2, 2
3, 0
3, 0
3, 0
3, 0
3, 0
3, 0
3, 0
3, 0
3, 0
3, 0
3, 0
3, 0
3, 0
3, 0
1, 0x3b3e0
0, 0x393c0
0, 0x3b3f0
2, 2
3, 0
3, 0
3, 0
3, 0
3, 0
3, 0
3, 0
3, 0
3, 0
3, 0
3, 0
3, 0
3, 0
3, 0
1, 0x3b3f0
0, 0x393d0
0, 0x3b400
2, 2
3, 0
3, 0
3, 0
3, 0
3, 0
3, 0
3, 0
3, 0
3, 0
3, 0
3, 0
3, 0
3, 0
3, 0
1, 0x3b400
0, 0x393e0
0, 0x3b410
2, 2
3, 0
3, 0
3, 0
3, 0
3, 0
3, 0
3, 0
3, 0
3, 0
3, 0
3, 0
3, 0
3, 0
3, 0
1, 0x3b410
0, 0x393f0
0, 0x3b420
2, 2
3, 0
3, 0
3, 0
3, 0
3, 0
3, 0
3, 0
3, 0
3, 0
3, 0
3, 0
3, 0
3, 0
3, 0
1, 0x3b420
0, 0x39400
0, 0x3b430
2, 2
3, 0
3, 0
3, 0
3, 0
3, 0
3, 0
3, 0
3, 0
3, 0
3, 0
3, 0
3, 0
3, 0
3, 0
1, 0x3b430
0, 0x39410
0, 0x3b440
2, 2
3, 0
3, 0
3, 0
3, 0
3, 0
3, 0
3, 0
3, 0
3, 0
3, 0
3, 0
3, 0
3, 0
3, 0
1, 0x3b440
0, 0x39420
0, 0x3b450
2, 2
3, 0
3, 0
3, 0
3, 0
3, 0
3, 0
3, 0
3, 0
3, 0
3, 0
3, 0
3, 0
3, 0
3, 0
1, 0x3b450
0, 0x39430
0, 0x3b460
2, 2
3, 0
3, 0
3, 0
3, 0
3, 0
3, 0
3, 0
3, 0
3, 0
3, 0
3, 0
3, 0
3, 0
3, 0
1, 0x3b460
0, 0x39440
0, 0x3b470
2, 2
3, 0
3, 0
3, 0
3, 0
3, 0
3, 0
3, 0
3, 0
3, 0
3, 0
3, 0
3, 0
3, 0
3, 0
1, 0x3b470
0, 0x39450
0, 0x3b480
2, 2
3, 0
3, 0
3, 0
3, 0
3, 0
3, 0
3, 0
3, 0
3, 0
3, 0
3, 0
3, 0
3, 0
3, 0
1, 0x3b480
0, 0x39460
0, 0x3b490
2, 2
3, 0
3, 0
3, 0
3, 0
3, 0
3, 0
3, 0
3, 0
3, 0
3, 0
3, 0
3, 0
3, 0
3, 0
1, 0x3b490
0, 0x39470
0, 0x3b4a0
2, 2
3, 0
3, 0
3, 0
3, 0
3, 0
3, 0
3, 0
3, 0
3, 0
3, 0
3, 0
3, 0
3, 0
3, 0
1, 0x3b4a0
0, 0x39480
0, 0x3b4b0
2, 2
3, 0
3, 0
3, 0
3, 0
3, 0
3, 0
3, 0
3, 0
3, 0
3, 0
3, 0
3, 0
3, 0
3, 0
1, 0x3b4b0
0, 0x39490
0, 0x3b4c0
2, 2
3, 0
3, 0
3, 0
3, 0
3, 0
3, 0
3, 0
3, 0
3, 0
3, 0
3, 0
3, 0
3, 0
3, 0
1, 0x3b4c0
0, 0x394a0
0, 0x3b4d0
2, 2
3, 0
3, 0
3, 0
3, 0
3, 0
3, 0
3, 0
3, 0
3, 0
3, 0
3, 0
3, 0
3, 0
3, 0
1, 0x3b4d0
0, 0x394b0
0, 0x3b4e0
2, 2
3, 0
3, 0
3, 0
3, 0
3, 0
3, 0
3, 0
3, 0
3, 0
3, 0
3, 0
3, 0
3, 0
3, 0
1, 0x3b4e0
0, 0x394c0
0, 0x3b4f0
2, 2
3, 0
3, 0
3, 0
3, 0
3, 0
3, 0
3, 0
3, 0
3, 0
3, 0
3, 0
3, 0
3, 0
3, 0
1, 0x3b4f0
0, 0x394d0
0, 0x3b500
2, 2
3, 0
3, 0
3, 0
3, 0
3, 0
3, 0
3, 0
3, 0
3, 0
3, 0
3, 0
3, 0
3, 0
3, 0
1, 0x3b500
0, 0x394e0
0, 0x3b510
2, 2
3, 0
3, 0
3, 0
3, 0
3, 0
3, 0
3, 0
3, 0
3, 0
3, 0
3, 0
3, 0
3, 0
3, 0
1, 0x3b510
0, 0x394f0
0, 0x3b520
2, 2
3, 0
3, 0
3, 0
3, 0
3, 0
3, 0
3, 0
3, 0
3, 0
3, 0
3, 0
3, 0
3, 0
3, 0
1, 0x3b520
0, 0x39500
0, 0x3b530
2, 2
3, 0
3, 0
3, 0
3, 0
3, 0
3, 0
3, 0
3, 0
3, 0
3, 0
3, 0
3, 0
3, 0
3, 0
1, 0x3b530
0, 0x39510
0, 0x3b540
2, 2
3, 0
3, 0
3, 0
3, 0
3, 0
3, 0
3, 0
3, 0
3, 0
3, 0
3, 0
3, 0
3, 0
3, 0
1, 0x3b540
0, 0x39520
0, 0x3b550
2, 2
3, 0
3, 0
3, 0
3, 0
3, 0
3, 0
3, 0
3, 0
3, 0
3, 0
3, 0
3, 0
3, 0
3, 0
1, 0x3b550
0, 0x39530
0, 0x3b560
2, 2
3, 0
3, 0
3, 0
3, 0
3, 0
3, 0
3, 0
3, 0
3, 0
3, 0
3, 0
3, 0
3, 0
3, 0
1, 0x3b560
0, 0x39540
0, 0x3b570
2, 2
3, 0
3, 0
3, 0
3, 0
3, 0
3, 0
3, 0
3, 0
3, 0
3, 0
3, 0
3, 0
3, 0
3, 0
1, 0x3b570
0, 0x39550
0, 0x3b580
2, 2
3, 0
3, 0
3, 0
3, 0
3, 0
3, 0
3, 0
3, 0
3, 0
3, 0
3, 0
3, 0
3, 0
3, 0
1, 0x3b580
0, 0x39560
0, 0x3b590
2, 2
3, 0
3, 0
3, 0
3, 0
3, 0
3, 0
3, 0
3, 0
3, 0
3, 0
3, 0
3, 0
3, 0
3, 0
1, 0x3b590
0, 0x39570
0, 0x3b5a0
2, 2
3, 0
3, 0
3, 0
3, 0
3, 0
3, 0
3, 0
3, 0
3, 0
3, 0
3, 0
3, 0
3, 0
3, 0
1, 0x3b5a0
0, 0x39580
0, 0x3b5b0
2, 2
3, 0
3, 0
3, 0
3, 0
3, 0
3, 0
3, 0
3, 0
3, 0
3, 0
3, 0
3, 0
3, 0
3, 0
1, 0x3b5b0
0, 0x39590
0, 0x3b5c0
2, 2
3, 0
3, 0
3, 0
3, 0
3, 0
3, 0
3, 0
3, 0
3, 0
3, 0
3, 0
3, 0
3, 0
3, 0
1, 0x3b5c0
0, 0x395a0
0, 0x3b5d0
2, 2
3, 0
3, 0
3, 0
3, 0
3, 0
3, 0
3, 0
3, 0
3, 0
3, 0
3, 0
3, 0
3, 0
3, 0
1, 0x3b5d0
0, 0x395b0
0, 0x3b5e0
2, 2
3, 0
3, 0
3, 0
3, 0
3, 0
3, 0
3, 0
3, 0
3, 0
3, 0
3, 0
3, 0
3, 0
3, 0
1, 0x3b5e0
0, 0x395c0
0, 0x3b5f0
2, 2
3, 0
3, 0
3, 0
3, 0
3, 0
3, 0
3, 0
3, 0
3, 0
3, 0
3, 0
3, 0
3, 0
3, 0
1, 0x3b5f0
0, 0x395d0
0, 0x3b600
2, 2
3, 0
3, 0
3, 0
3, 0
3, 0
3, 0
3, 0
3, 0
3, 0
3, 0
3, 0
3, 0
3, 0
3, 0
1, 0x3b600
0, 0x395e0
0, 0x3b610
2, 2
3, 0
3, 0
3, 0
3, 0
3, 0
3, 0
3, 0
3, 0
3, 0
3, 0
3, 0
3, 0
3, 0
3, 0
1, 0x3b610
0, 0x395f0
0, 0x3b620
2, 2
3, 0
3, 0
3, 0
3, 0
3, 0
3, 0
3, 0
3, 0
3, 0
3, 0
3, 0
3, 0
3, 0
3, 0
1, 0x3b620
0, 0x39600
0, 0x3b630
2, 2
3, 0
3, 0
3, 0
3, 0
3, 0
3, 0
3, 0
3, 0
3, 0
3, 0
3, 0
3, 0
3, 0
3, 0
1, 0x3b630
0, 0x39610
0, 0x3b640
2, 2
3, 0
3, 0
3, 0
3, 0
3, 0
3, 0
3, 0
3, 0
3, 0
3, 0
3, 0
3, 0
3, 0
3, 0
1, 0x3b640
0, 0x39620
0, 0x3b650
2, 2
3, 0
3, 0
3, 0
3, 0
3, 0
3, 0
3, 0
3, 0
3, 0
3, 0
3, 0
3, 0
3, 0
3, 0
1, 0x3b650
0, 0x39630
0, 0x3b660
2, 2
3, 0
3, 0
3, 0
3, 0
3, 0
3, 0
3, 0
3, 0
3, 0
3, 0
3, 0
3, 0
3, 0
3, 0
1, 0x3b660
0, 0x39640
0, 0x3b670
2, 2
3, 0
3, 0
3, 0
3, 0
3, 0
3, 0
3, 0
3, 0
3, 0
3, 0
3, 0
3, 0
3, 0
3, 0
1, 0x3b670
0, 0x39650
0, 0x3b680
2, 2
3, 0
3, 0
3, 0
3, 0
3, 0
3, 0
3, 0
3, 0
3, 0
3, 0
3, 0
3, 0
3, 0
3, 0
1, 0x3b680
0, 0x39660
0, 0x3b690
2, 2
3, 0
3, 0
3, 0
3, 0
3, 0
3, 0
3, 0
3, 0
3, 0
3, 0
3, 0
3, 0
3, 0
3, 0
1, 0x3b690
0, 0x39670
0, 0x3b6a0
2, 2
3, 0
3, 0
3, 0
3, 0
3, 0
3, 0
3, 0
3, 0
3, 0
3, 0
3, 0
3, 0
3, 0
3, 0
1, 0x3b6a0
0, 0x39680
0, 0x3b6b0
2, 2
3, 0
3, 0
3, 0
3, 0
3, 0
3, 0
3, 0
3, 0
3, 0
3, 0
3, 0
3, 0
3, 0
3, 0
1, 0x3b6b0
0, 0x39690
0, 0x3b6c0
2, 2
3, 0
3, 0
3, 0
3, 0
3, 0
3, 0
3, 0
3, 0
3, 0
3, 0
3, 0
3, 0
3, 0
3, 0
1, 0x3b6c0
0, 0x396a0
0, 0x3b6d0
2, 2
3, 0
3, 0
3, 0
3, 0
3, 0
3, 0
3, 0
3, 0
3, 0
3, 0
3, 0
3, 0
3, 0
3, 0
1, 0x3b6d0
0, 0x396b0
0, 0x3b6e0
2, 2
3, 0
3, 0
3, 0
3, 0
3, 0
3, 0
3, 0
3, 0
3, 0
3, 0
3, 0
3, 0
3, 0
3, 0
1, 0x3b6e0
0, 0x396c0
0, 0x3b6f0
2, 2
3, 0
3, 0
3, 0
3, 0
3, 0
3, 0
3, 0
3, 0
3, 0
3, 0
3, 0
3, 0
3, 0
3, 0
1, 0x3b6f0
0, 0x396d0
0, 0x3b700
2, 2
3, 0
3, 0
3, 0
3, 0
3, 0
3, 0
3, 0
3, 0
3, 0
3, 0
3, 0
3, 0
3, 0
3, 0
1, 0x3b700
0, 0x396e0
0, 0x3b710
2, 2
3, 0
3, 0
3, 0
3, 0
3, 0
3, 0
3, 0
3, 0
3, 0
3, 0
3, 0
3, 0
3, 0
3, 0
1, 0x3b710
0, 0x396f0
0, 0x3b720
2, 2
3, 0
3, 0
3, 0
3, 0
3, 0
3, 0
3, 0
3, 0
3, 0
3, 0
3, 0
3, 0
3, 0
3, 0
1, 0x3b720
0, 0x39700
0, 0x3b730
2, 2
3, 0
3, 0
3, 0
3, 0
3, 0
3, 0
3, 0
3, 0
3, 0
3, 0
3, 0
3, 0
3, 0
3, 0
1, 0x3b730
0, 0x39710
0, 0x3b740
2, 2
3, 0
3, 0
3, 0
3, 0
3, 0
3, 0
3, 0
3, 0
3, 0
3, 0
3, 0
3, 0
3, 0
3, 0
1, 0x3b740
0, 0x39720
0, 0x3b750
2, 2
3, 0
3, 0
3, 0
3, 0
3, 0
3, 0
3, 0
3, 0
3, 0
3, 0
3, 0
3, 0
3, 0
3, 0
1, 0x3b750
0, 0x39730
0, 0x3b760
2, 2
3, 0
3, 0
3, 0
3, 0
3, 0
3, 0
3, 0
3, 0
3, 0
3, 0
3, 0
3, 0
3, 0
3, 0
1, 0x3b760
0, 0x39740
0, 0x3b770
2, 2
3, 0
3, 0
3, 0
3, 0
3, 0
3, 0
3, 0
3, 0
3, 0
3, 0
3, 0
3, 0
3, 0
3, 0
1, 0x3b770
0, 0x39750
0, 0x3b780
2, 2
3, 0
3, 0
3, 0
3, 0
3, 0
3, 0
3, 0
3, 0
3, 0
3, 0
3, 0
3, 0
3, 0
3, 0
1, 0x3b780
0, 0x39760
0, 0x3b790
2, 2
3, 0
3, 0
3, 0
3, 0
3, 0
3, 0
3, 0
3, 0
3, 0
3, 0
3, 0
3, 0
3, 0
3, 0
1, 0x3b790
0, 0x39770
0, 0x3b7a0
2, 2
3, 0
3, 0
3, 0
3, 0
3, 0
3, 0
3, 0
3, 0
3, 0
3, 0
3, 0
3, 0
3, 0
3, 0
1, 0x3b7a0
0, 0x39780
0, 0x3b7b0
2, 2
3, 0
3, 0
3, 0
3, 0
3, 0
3, 0
3, 0
3, 0
3, 0
3, 0
3, 0
3, 0
3, 0
3, 0
1, 0x3b7b0
0, 0x39790
0, 0x3b7c0
2, 2
3, 0
3, 0
3, 0
3, 0
3, 0
3, 0
3, 0
3, 0
3, 0
3, 0
3, 0
3, 0
3, 0
3, 0
1, 0x3b7c0
0, 0x397a0
0, 0x3b7d0
2, 2
3, 0
3, 0
3, 0
3, 0
3, 0
3, 0
3, 0
3, 0
3, 0
3, 0
3, 0
3, 0
3, 0
3, 0
1, 0x3b7d0
0, 0x397b0
0, 0x3b7e0
2, 2
3, 0
3, 0
3, 0
3, 0
3, 0
3, 0
3, 0
3, 0
3, 0
3, 0
3, 0
3, 0
3, 0
3, 0
1, 0x3b7e0
0, 0x397c0
0, 0x3b7f0
2, 2
3, 0
3, 0
3, 0
3, 0
3, 0
3, 0
3, 0
3, 0
3, 0
3, 0
3, 0
3, 0
3, 0
3, 0
1, 0x3b7f0
0, 0x397d0
0, 0x3b800
2, 2
3, 0
3, 0
3, 0
3, 0
3, 0
3, 0
3, 0
3, 0
3, 0
3, 0
3, 0
3, 0
3, 0
3, 0
1, 0x3b800
0, 0x397e0
0, 0x3b810
2, 2
3, 0
3, 0
3, 0
3, 0
3, 0
3, 0
3, 0
3, 0
3, 0
3, 0
3, 0
3, 0
3, 0
3, 0
1, 0x3b810
0, 0x397f0
0, 0x3b820
2, 2
3, 0
3, 0
3, 0
3, 0
3, 0
3, 0
3, 0
3, 0
3, 0
3, 0
3, 0
3, 0
3, 0
3, 0
1, 0x3b820
0, 0x39800
0, 0x3b830
2, 2
3, 0
3, 0
3, 0
3, 0
3, 0
3, 0
3, 0
3, 0
3, 0
3, 0
3, 0
3, 0
3, 0
3, 0
1, 0x3b830
0, 0x39810
0, 0x3b840
2, 2
3, 0
3, 0
3, 0
3, 0
3, 0
3, 0
3, 0
3, 0
3, 0
3, 0
3, 0
3, 0
3, 0
3, 0
1, 0x3b840
0, 0x39820
0, 0x3b850
2, 2
3, 0
3, 0
3, 0
3, 0
3, 0
3, 0
3, 0
3, 0
3, 0
3, 0
3, 0
3, 0
3, 0
3, 0
1, 0x3b850
0, 0x39830
0, 0x3b860
2, 2
3, 0
3, 0
3, 0
3, 0
3, 0
3, 0
3, 0
3, 0
3, 0
3, 0
3, 0
3, 0
3, 0
3, 0
1, 0x3b860
0, 0x39840
0, 0x3b870
2, 2
3, 0
3, 0
3, 0
3, 0
3, 0
3, 0
3, 0
3, 0
3, 0
3, 0
3, 0
3, 0
3, 0
3, 0
1, 0x3b870
0, 0x39850
0, 0x3b880
2, 2
3, 0
3, 0
3, 0
3, 0
3, 0
3, 0
3, 0
3, 0
3, 0
3, 0
3, 0
3, 0
3, 0
3, 0
1, 0x3b880
0, 0x39860
0, 0x3b890
2, 2
3, 0
3, 0
3, 0
3, 0
3, 0
3, 0
3, 0
3, 0
3, 0
3, 0
3, 0
3, 0
3, 0
3, 0
1, 0x3b890
0, 0x39870
0, 0x3b8a0
2, 2
3, 0
3, 0
3, 0
3, 0
3, 0
3, 0
3, 0
3, 0
3, 0
3, 0
3, 0
3, 0
3, 0
3, 0
1, 0x3b8a0
0, 0x39880
0, 0x3b8b0
2, 2
3, 0
3, 0
3, 0
3, 0
3, 0
3, 0
3, 0
3, 0
3, 0
3, 0
3, 0
3, 0
3, 0
3, 0
1, 0x3b8b0
0, 0x39890
0, 0x3b8c0
2, 2
3, 0
3, 0
3, 0
3, 0
3, 0
3, 0
3, 0
3, 0
3, 0
3, 0
3, 0
3, 0
3, 0
3, 0
1, 0x3b8c0
0, 0x398a0
0, 0x3b8d0
2, 2
3, 0
3, 0
3, 0
3, 0
3, 0
3, 0
3, 0
3, 0
3, 0
3, 0
3, 0
3, 0
3, 0
3, 0
1, 0x3b8d0
0, 0x398b0
0, 0x3b8e0
2, 2
3, 0
3, 0
3, 0
3, 0
3, 0
3, 0
3, 0
3, 0
3, 0
3, 0
3, 0
3, 0
3, 0
3, 0
1, 0x3b8e0
0, 0x398c0
0, 0x3b8f0
2, 2
3, 0
3, 0
3, 0
3, 0
3, 0
3, 0
3, 0
3, 0
3, 0
3, 0
3, 0
3, 0
3, 0
3, 0
1, 0x3b8f0
0, 0x398d0
0, 0x3b900
2, 2
3, 0
3, 0
3, 0
3, 0
3, 0
3, 0
3, 0
3, 0
3, 0
3, 0
3, 0
3, 0
3, 0
3, 0
1, 0x3b900
0, 0x398e0
0, 0x3b910
2, 2
3, 0
3, 0
3, 0
3, 0
3, 0
3, 0
3, 0
3, 0
3, 0
3, 0
3, 0
3, 0
3, 0
3, 0
1, 0x3b910
0, 0x398f0
0, 0x3b920
2, 2
3, 0
3, 0
3, 0
3, 0
3, 0
3, 0
3, 0
3, 0
3, 0
3, 0
3, 0
3, 0
3, 0
3, 0
1, 0x3b920
0, 0x39900
0, 0x3b930
2, 2
3, 0
3, 0
3, 0
3, 0
3, 0
3, 0
3, 0
3, 0
3, 0
3, 0
3, 0
3, 0
3, 0
3, 0
1, 0x3b930
0, 0x39910
0, 0x3b940
2, 2
3, 0
3, 0
3, 0
3, 0
3, 0
3, 0
3, 0
3, 0
3, 0
3, 0
3, 0
3, 0
3, 0
3, 0
1, 0x3b940
0, 0x39920
0, 0x3b950
2, 2
3, 0
3, 0
3, 0
3, 0
3, 0
3, 0
3, 0
3, 0
3, 0
3, 0
3, 0
3, 0
3, 0
3, 0
1, 0x3b950
0, 0x39930
0, 0x3b960
2, 2
3, 0
3, 0
3, 0
3, 0
3, 0
3, 0
3, 0
3, 0
3, 0
3, 0
3, 0
3, 0
3, 0
3, 0
1, 0x3b960
0, 0x39940
0, 0x3b970
2, 2
3, 0
3, 0
3, 0
3, 0
3, 0
3, 0
3, 0
3, 0
3, 0
3, 0
3, 0
3, 0
3, 0
3, 0
1, 0x3b970
0, 0x39950
0, 0x3b980
2, 2
3, 0
3, 0
3, 0
3, 0
3, 0
3, 0
3, 0
3, 0
3, 0
3, 0
3, 0
3, 0
3, 0
3, 0
1, 0x3b980
0, 0x39960
0, 0x3b990
2, 2
3, 0
3, 0
3, 0
3, 0
3, 0
3, 0
3, 0
3, 0
3, 0
3, 0
3, 0
3, 0
3, 0
3, 0
1, 0x3b990
0, 0x39970
0, 0x3b9a0
2, 2
3, 0
3, 0
3, 0
3, 0
3, 0
3, 0
3, 0
3, 0
3, 0
3, 0
3, 0
3, 0
3, 0
3, 0
1, 0x3b9a0
0, 0x39980
0, 0x3b9b0
2, 2
3, 0
3, 0
3, 0
3, 0
3, 0
3, 0
3, 0
3, 0
3, 0
3, 0
3, 0
3, 0
3, 0
3, 0
1, 0x3b9b0
0, 0x39990
0, 0x3b9c0
2, 2
3, 0
3, 0
3, 0
3, 0
3, 0
3, 0
3, 0
3, 0
3, 0
3, 0
3, 0
3, 0
3, 0
3, 0
1, 0x3b9c0
0, 0x399a0
0, 0x3b9d0
2, 2
3, 0
3, 0
3, 0
3, 0
3, 0
3, 0
3, 0
3, 0
3, 0
3, 0
3, 0
3, 0
3, 0
3, 0
1, 0x3b9d0
0, 0x399b0
0, 0x3b9e0
2, 2
3, 0
3, 0
3, 0
3, 0
3, 0
3, 0
3, 0
3, 0
3, 0
3, 0
3, 0
3, 0
3, 0
3, 0
1, 0x3b9e0
0, 0x399c0
0, 0x3b9f0
2, 2
3, 0
3, 0
3, 0
3, 0
3, 0
3, 0
3, 0
3, 0
3, 0
3, 0
3, 0
3, 0
3, 0
3, 0
1, 0x3b9f0
0, 0x399d0
0, 0x3ba00
2, 2
3, 0
3, 0
3, 0
3, 0
3, 0
3, 0
3, 0
3, 0
3, 0
3, 0
3, 0
3, 0
3, 0
3, 0
1, 0x3ba00
0, 0x399e0
0, 0x3ba10
2, 2
3, 0
3, 0
3, 0
3, 0
3, 0
3, 0
3, 0
3, 0
3, 0
3, 0
3, 0
3, 0
3, 0
3, 0
1, 0x3ba10
0, 0x399f0
0, 0x3ba20
2, 2
3, 0
3, 0
3, 0
3, 0
3, 0
3, 0
3, 0
3, 0
3, 0
3, 0
3, 0
3, 0
3, 0
3, 0
1, 0x3ba20
0, 0x39a00
0, 0x3ba30
2, 2
3, 0
3, 0
3, 0
3, 0
3, 0
3, 0
3, 0
3, 0
3, 0
3, 0
3, 0
3, 0
3, 0
3, 0
1, 0x3ba30
0, 0x39a10
0, 0x3ba40
2, 2
3, 0
3, 0
3, 0
3, 0
3, 0
3, 0
3, 0
3, 0
3, 0
3, 0
3, 0
3, 0
3, 0
3, 0
1, 0x3ba40
0, 0x39a20
0, 0x3ba50
2, 2
3, 0
3, 0
3, 0
3, 0
3, 0
3, 0
3, 0
3, 0
3, 0
3, 0
3, 0
3, 0
3, 0
3, 0
1, 0x3ba50
0, 0x39a30
0, 0x3ba60
2, 2
3, 0
3, 0
3, 0
3, 0
3, 0
3, 0
3, 0
3, 0
3, 0
3, 0
3, 0
3, 0
3, 0
3, 0
1, 0x3ba60
0, 0x39a40
0, 0x3ba70
2, 2
3, 0
3, 0
3, 0
3, 0
3, 0
3, 0
3, 0
3, 0
3, 0
3, 0
3, 0
3, 0
3, 0
3, 0
1, 0x3ba70
0, 0x39a50
0, 0x3ba80
2, 2
3, 0
3, 0
3, 0
3, 0
3, 0
3, 0
3, 0
3, 0
3, 0
3, 0
3, 0
3, 0
3, 0
3, 0
1, 0x3ba80
0, 0x39a60
0, 0x3ba90
2, 2
3, 0
3, 0
3, 0
3, 0
3, 0
3, 0
3, 0
3, 0
3, 0
3, 0
3, 0
3, 0
3, 0
3, 0
1, 0x3ba90
0, 0x39a70
0, 0x3baa0
2, 2
3, 0
3, 0
3, 0
3, 0
3, 0
3, 0
3, 0
3, 0
3, 0
3, 0
3, 0
3, 0
3, 0
3, 0
1, 0x3baa0
0, 0x39a80
0, 0x3bab0
2, 2
3, 0
3, 0
3, 0
3, 0
3, 0
3, 0
3, 0
3, 0
3, 0
3, 0
3, 0
3, 0
3, 0
3, 0
1, 0x3bab0
0, 0x39a90
0, 0x3bac0
2, 2
3, 0
3, 0
3, 0
3, 0
3, 0
3, 0
3, 0
3, 0
3, 0
3, 0
3, 0
3, 0
3, 0
3, 0
1, 0x3bac0
0, 0x39aa0
0, 0x3bad0
2, 2
3, 0
3, 0
3, 0
3, 0
3, 0
3, 0
3, 0
3, 0
3, 0
3, 0
3, 0
3, 0
3, 0
3, 0
1, 0x3bad0
0, 0x39ab0
0, 0x3bae0
2, 2
3, 0
3, 0
3, 0
3, 0
3, 0
3, 0
3, 0
3, 0
3, 0
3, 0
3, 0
3, 0
3, 0
3, 0
1, 0x3bae0
0, 0x39ac0
0, 0x3baf0
2, 2
3, 0
3, 0
3, 0
3, 0
3, 0
3, 0
3, 0
3, 0
3, 0
3, 0
3, 0
3, 0
3, 0
3, 0
1, 0x3baf0
0, 0x39ad0
0, 0x3bb00
2, 2
3, 0
3, 0
3, 0
3, 0
3, 0
3, 0
3, 0
3, 0
3, 0
3, 0
3, 0
3, 0
3, 0
3, 0
1, 0x3bb00
0, 0x39ae0
0, 0x3bb10
2, 2
3, 0
3, 0
3, 0
3, 0
3, 0
3, 0
3, 0
3, 0
3, 0
3, 0
3, 0
3, 0
3, 0
3, 0
1, 0x3bb10
0, 0x39af0
0, 0x3bb20
2, 2
3, 0
3, 0
3, 0
3, 0
3, 0
3, 0
3, 0
3, 0
3, 0
3, 0
3, 0
3, 0
3, 0
3, 0
1, 0x3bb20
0, 0x39b00
0, 0x3bb30
2, 2
3, 0
3, 0
3, 0
3, 0
3, 0
3, 0
3, 0
3, 0
3, 0
3, 0
3, 0
3, 0
3, 0
3, 0
1, 0x3bb30
0, 0x39b10
0, 0x3bb40
2, 2
3, 0
3, 0
3, 0
3, 0
3, 0
3, 0
3, 0
3, 0
3, 0
3, 0
3, 0
3, 0
3, 0
3, 0
1, 0x3bb40
0, 0x39b20
0, 0x3bb50
2, 2
3, 0
3, 0
3, 0
3, 0
3, 0
3, 0
3, 0
3, 0
3, 0
3, 0
3, 0
3, 0
3, 0
3, 0
1, 0x3bb50
0, 0x39b30
0, 0x3bb60
2, 2
3, 0
3, 0
3, 0
3, 0
3, 0
3, 0
3, 0
3, 0
3, 0
3, 0
3, 0
3, 0
3, 0
3, 0
1, 0x3bb60
0, 0x39b40
0, 0x3bb70
2, 2
3, 0
3, 0
3, 0
3, 0
3, 0
3, 0
3, 0
3, 0
3, 0
3, 0
3, 0
3, 0
3, 0
3, 0
1, 0x3bb70
0, 0x39b50
0, 0x3bb80
2, 2
3, 0
3, 0
3, 0
3, 0
3, 0
3, 0
3, 0
3, 0
3, 0
3, 0
3, 0
3, 0
3, 0
3, 0
1, 0x3bb80
0, 0x39b60
0, 0x3bb90
2, 2
3, 0
3, 0
3, 0
3, 0
3, 0
3, 0
3, 0
3, 0
3, 0
3, 0
3, 0
3, 0
3, 0
3, 0
1, 0x3bb90
0, 0x39b70
0, 0x3bba0
2, 2
3, 0
3, 0
3, 0
3, 0
3, 0
3, 0
3, 0
3, 0
3, 0
3, 0
3, 0
3, 0
3, 0
3, 0
1, 0x3bba0
0, 0x39b80
0, 0x3bbb0
2, 2
3, 0
3, 0
3, 0
3, 0
3, 0
3, 0
3, 0
3, 0
3, 0
3, 0
3, 0
3, 0
3, 0
3, 0
1, 0x3bbb0
0, 0x39b90
0, 0x3bbc0
2, 2
3, 0
3, 0
3, 0
3, 0
3, 0
3, 0
3, 0
3, 0
3, 0
3, 0
3, 0
3, 0
3, 0
3, 0
1, 0x3bbc0
0, 0x39ba0
0, 0x3bbd0
2, 2
3, 0
3, 0
3, 0
3, 0
3, 0
3, 0
3, 0
3, 0
3, 0
3, 0
3, 0
3, 0
3, 0
3, 0
1, 0x3bbd0
0, 0x39bb0
0, 0x3bbe0
2, 2
3, 0
3, 0
3, 0
3, 0
3, 0
3, 0
3, 0
3, 0
3, 0
3, 0
3, 0
3, 0
3, 0
3, 0
1, 0x3bbe0
0, 0x39bc0
0, 0x3bbf0
2, 2
3, 0
3, 0
3, 0
3, 0
3, 0
3, 0
3, 0
3, 0
3, 0
3, 0
3, 0
3, 0
3, 0
3, 0
1, 0x3bbf0
0, 0x39bd0
0, 0x3bc00
2, 2
3, 0
3, 0
3, 0
3, 0
3, 0
3, 0
3, 0
3, 0
3, 0
3, 0
3, 0
3, 0
3, 0
3, 0
1, 0x3bc00
0, 0x39be0
0, 0x3bc10
2, 2
3, 0
3, 0
3, 0
3, 0
3, 0
3, 0
3, 0
3, 0
3, 0
3, 0
3, 0
3, 0
3, 0
3, 0
1, 0x3bc10
0, 0x39bf0
0, 0x3bc20
2, 2
3, 0
3, 0
3, 0
3, 0
3, 0
3, 0
3, 0
3, 0
3, 0
3, 0
3, 0
3, 0
3, 0
3, 0
1, 0x3bc20
0, 0x39c00
0, 0x3bc30
2, 2
3, 0
3, 0
3, 0
3, 0
3, 0
3, 0
3, 0
3, 0
3, 0
3, 0
3, 0
3, 0
3, 0
3, 0
1, 0x3bc30
0, 0x39c10
0, 0x3bc40
2, 2
3, 0
3, 0
3, 0
3, 0
3, 0
3, 0
3, 0
3, 0
3, 0
3, 0
3, 0
3, 0
3, 0
3, 0
1, 0x3bc40
0, 0x39c20
0, 0x3bc50
2, 2
3, 0
3, 0
3, 0
3, 0
3, 0
3, 0
3, 0
3, 0
3, 0
3, 0
3, 0
3, 0
3, 0
3, 0
1, 0x3bc50
0, 0x39c30
0, 0x3bc60
2, 2
3, 0
3, 0
3, 0
3, 0
3, 0
3, 0
3, 0
3, 0
3, 0
3, 0
3, 0
3, 0
3, 0
3, 0
1, 0x3bc60
0, 0x39c40
0, 0x3bc70
2, 2
3, 0
3, 0
3, 0
3, 0
3, 0
3, 0
3, 0
3, 0
3, 0
3, 0
3, 0
3, 0
3, 0
3, 0
1, 0x3bc70
0, 0x39c50
0, 0x3bc80
2, 2
3, 0
3, 0
3, 0
3, 0
3, 0
3, 0
3, 0
3, 0
3, 0
3, 0
3, 0
3, 0
3, 0
3, 0
1, 0x3bc80
0, 0x39c60
0, 0x3bc90
2, 2
3, 0
3, 0
3, 0
3, 0
3, 0
3, 0
3, 0
3, 0
3, 0
3, 0
3, 0
3, 0
3, 0
3, 0
1, 0x3bc90
0, 0x39c70
0, 0x3bca0
2, 2
3, 0
3, 0
3, 0
3, 0
3, 0
3, 0
3, 0
3, 0
3, 0
3, 0
3, 0
3, 0
3, 0
3, 0
1, 0x3bca0
0, 0x39c80
0, 0x3bcb0
2, 2
3, 0
3, 0
3, 0
3, 0
3, 0
3, 0
3, 0
3, 0
3, 0
3, 0
3, 0
3, 0
3, 0
3, 0
1, 0x3bcb0
0, 0x39c90
0, 0x3bcc0
2, 2
3, 0
3, 0
3, 0
3, 0
3, 0
3, 0
3, 0
3, 0
3, 0
3, 0
3, 0
3, 0
3, 0
3, 0
1, 0x3bcc0
0, 0x39ca0
0, 0x3bcd0
2, 2
3, 0
3, 0
3, 0
3, 0
3, 0
3, 0
3, 0
3, 0
3, 0
3, 0
3, 0
3, 0
3, 0
3, 0
1, 0x3bcd0
0, 0x39cb0
0, 0x3bce0
2, 2
3, 0
3, 0
3, 0
3, 0
3, 0
3, 0
3, 0
3, 0
3, 0
3, 0
3, 0
3, 0
3, 0
3, 0
1, 0x3bce0
0, 0x39cc0
0, 0x3bcf0
2, 2
3, 0
3, 0
3, 0
3, 0
3, 0
3, 0
3, 0
3, 0
3, 0
3, 0
3, 0
3, 0
3, 0
3, 0
1, 0x3bcf0
0, 0x39cd0
0, 0x3bd00
2, 2
3, 0
3, 0
3, 0
3, 0
3, 0
3, 0
3, 0
3, 0
3, 0
3, 0
3, 0
3, 0
3, 0
3, 0
1, 0x3bd00
0, 0x39ce0
0, 0x3bd10
2, 2
3, 0
3, 0
3, 0
3, 0
3, 0
3, 0
3, 0
3, 0
3, 0
3, 0
3, 0
3, 0
3, 0
3, 0
1, 0x3bd10
0, 0x39cf0
0, 0x3bd20
2, 2
3, 0
3, 0
3, 0
3, 0
3, 0
3, 0
3, 0
3, 0
3, 0
3, 0
3, 0
3, 0
3, 0
3, 0
1, 0x3bd20
0, 0x39d00
0, 0x3bd30
2, 2
3, 0
3, 0
3, 0
3, 0
3, 0
3, 0
3, 0
3, 0
3, 0
3, 0
3, 0
3, 0
3, 0
3, 0
1, 0x3bd30
0, 0x39d10
0, 0x3bd40
2, 2
3, 0
3, 0
3, 0
3, 0
3, 0
3, 0
3, 0
3, 0
3, 0
3, 0
3, 0
3, 0
3, 0
3, 0
1, 0x3bd40
0, 0x39d20
0, 0x3bd50
2, 2
3, 0
3, 0
3, 0
3, 0
3, 0
3, 0
3, 0
3, 0
3, 0
3, 0
3, 0
3, 0
3, 0
3, 0
1, 0x3bd50
0, 0x39d30
0, 0x3bd60
2, 2
3, 0
3, 0
3, 0
3, 0
3, 0
3, 0
3, 0
3, 0
3, 0
3, 0
3, 0
3, 0
3, 0
3, 0
1, 0x3bd60
0, 0x39d40
0, 0x3bd70
2, 2
3, 0
3, 0
3, 0
3, 0
3, 0
3, 0
3, 0
3, 0
3, 0
3, 0
3, 0
3, 0
3, 0
3, 0
1, 0x3bd70
0, 0x39d50
0, 0x3bd80
2, 2
3, 0
3, 0
3, 0
3, 0
3, 0
3, 0
3, 0
3, 0
3, 0
3, 0
3, 0
3, 0
3, 0
3, 0
1, 0x3bd80
0, 0x39d60
0, 0x3bd90
2, 2
3, 0
3, 0
3, 0
3, 0
3, 0
3, 0
3, 0
3, 0
3, 0
3, 0
3, 0
3, 0
3, 0
3, 0
1, 0x3bd90
0, 0x39d70
0, 0x3bda0
2, 2
3, 0
3, 0
3, 0
3, 0
3, 0
3, 0
3, 0
3, 0
3, 0
3, 0
3, 0
3, 0
3, 0
3, 0
1, 0x3bda0
0, 0x39d80
0, 0x3bdb0
2, 2
3, 0
3, 0
3, 0
3, 0
3, 0
3, 0
3, 0
3, 0
3, 0
3, 0
3, 0
3, 0
3, 0
3, 0
1, 0x3bdb0
0, 0x39d90
0, 0x3bdc0
2, 2
3, 0
3, 0
3, 0
3, 0
3, 0
3, 0
3, 0
3, 0
3, 0
3, 0
3, 0
3, 0
3, 0
3, 0
1, 0x3bdc0
0, 0x39da0
0, 0x3bdd0
2, 2
3, 0
3, 0
3, 0
3, 0
3, 0
3, 0
3, 0
3, 0
3, 0
3, 0
3, 0
3, 0
3, 0
3, 0
1, 0x3bdd0
0, 0x39db0
0, 0x3bde0
2, 2
3, 0
3, 0
3, 0
3, 0
3, 0
3, 0
3, 0
3, 0
3, 0
3, 0
3, 0
3, 0
3, 0
3, 0
1, 0x3bde0
0, 0x39dc0
0, 0x3bdf0
2, 2
3, 0
3, 0
3, 0
3, 0
3, 0
3, 0
3, 0
3, 0
3, 0
3, 0
3, 0
3, 0
3, 0
3, 0
1, 0x3bdf0
0, 0x39dd0
0, 0x3be00
2, 2
3, 0
3, 0
3, 0
3, 0
3, 0
3, 0
3, 0
3, 0
3, 0
3, 0
3, 0
3, 0
3, 0
3, 0
1, 0x3be00
0, 0x39de0
0, 0x3be10
2, 2
3, 0
3, 0
3, 0
3, 0
3, 0
3, 0
3, 0
3, 0
3, 0
3, 0
3, 0
3, 0
3, 0
3, 0
1, 0x3be10
0, 0x39df0
0, 0x3be20
2, 2
3, 0
3, 0
3, 0
3, 0
3, 0
3, 0
3, 0
3, 0
3, 0
3, 0
3, 0
3, 0
3, 0
3, 0
1, 0x3be20
0, 0x39e00
0, 0x3be30
2, 2
3, 0
3, 0
3, 0
3, 0
3, 0
3, 0
3, 0
3, 0
3, 0
3, 0
3, 0
3, 0
3, 0
3, 0
1, 0x3be30
0, 0x39e10
0, 0x3be40
2, 2
3, 0
3, 0
3, 0
3, 0
3, 0
3, 0
3, 0
3, 0
3, 0
3, 0
3, 0
3, 0
3, 0
3, 0
1, 0x3be40
0, 0x39e20
0, 0x3be50
2, 2
3, 0
3, 0
3, 0
3, 0
3, 0
3, 0
3, 0
3, 0
3, 0
3, 0
3, 0
3, 0
3, 0
3, 0
1, 0x3be50
0, 0x39e30
0, 0x3be60
2, 2
3, 0
3, 0
3, 0
3, 0
3, 0
3, 0
3, 0
3, 0
3, 0
3, 0
3, 0
3, 0
3, 0
3, 0
1, 0x3be60
0, 0x39e40
0, 0x3be70
2, 2
3, 0
3, 0
3, 0
3, 0
3, 0
3, 0
3, 0
3, 0
3, 0
3, 0
3, 0
3, 0
3, 0
3, 0
1, 0x3be70
0, 0x39e50
0, 0x3be80
2, 2
3, 0
3, 0
3, 0
3, 0
3, 0
3, 0
3, 0
3, 0
3, 0
3, 0
3, 0
3, 0
3, 0
3, 0
1, 0x3be80
0, 0x39e60
0, 0x3be90
2, 2
3, 0
3, 0
3, 0
3, 0
3, 0
3, 0
3, 0
3, 0
3, 0
3, 0
3, 0
3, 0
3, 0
3, 0
1, 0x3be90
0, 0x39e70
0, 0x3bea0
2, 2
3, 0
3, 0
3, 0
3, 0
3, 0
3, 0
3, 0
3, 0
3, 0
3, 0
3, 0
3, 0
3, 0
3, 0
1, 0x3bea0
0, 0x39e80
0, 0x3beb0
2, 2
3, 0
3, 0
3, 0
3, 0
3, 0
3, 0
3, 0
3, 0
3, 0
3, 0
3, 0
3, 0
3, 0
3, 0
1, 0x3beb0
0, 0x39e90
0, 0x3bec0
2, 2
3, 0
3, 0
3, 0
3, 0
3, 0
3, 0
3, 0
3, 0
3, 0
3, 0
3, 0
3, 0
3, 0
3, 0
1, 0x3bec0
0, 0x39ea0
0, 0x3bed0
2, 2
3, 0
3, 0
3, 0
3, 0
3, 0
3, 0
3, 0
3, 0
3, 0
3, 0
3, 0
3, 0
3, 0
3, 0
1, 0x3bed0
0, 0x39eb0
0, 0x3bee0
2, 2
3, 0
3, 0
3, 0
3, 0
3, 0
3, 0
3, 0
3, 0
3, 0
3, 0
3, 0
3, 0
3, 0
3, 0
1, 0x3bee0
0, 0x39ec0
0, 0x3bef0
2, 2
3, 0
3, 0
3, 0
3, 0
3, 0
3, 0
3, 0
3, 0
3, 0
3, 0
3, 0
3, 0
3, 0
3, 0
1, 0x3bef0
0, 0x39ed0
0, 0x3bf00
2, 2
3, 0
3, 0
3, 0
3, 0
3, 0
3, 0
3, 0
3, 0
3, 0
3, 0
3, 0
3, 0
3, 0
3, 0
1, 0x3bf00
0, 0x39ee0
0, 0x3bf10
2, 2
3, 0
3, 0
3, 0
3, 0
3, 0
3, 0
3, 0
3, 0
3, 0
3, 0
3, 0
3, 0
3, 0
3, 0
1, 0x3bf10
0, 0x39ef0
0, 0x3bf20
2, 2
3, 0
3, 0
3, 0
3, 0
3, 0
3, 0
3, 0
3, 0
3, 0
3, 0
3, 0
3, 0
3, 0
3, 0
1, 0x3bf20
0, 0x39f00
0, 0x3bf30
2, 2
3, 0
3, 0
3, 0
3, 0
3, 0
3, 0
3, 0
3, 0
3, 0
3, 0
3, 0
3, 0
3, 0
3, 0
1, 0x3bf30
0, 0x39f10
0, 0x3bf40
2, 2
3, 0
3, 0
3, 0
3, 0
3, 0
3, 0
3, 0
3, 0
3, 0
3, 0
3, 0
3, 0
3, 0
3, 0
1, 0x3bf40
0, 0x39f20
0, 0x3bf50
2, 2
3, 0
3, 0
3, 0
3, 0
3, 0
3, 0
3, 0
3, 0
3, 0
3, 0
3, 0
3, 0
3, 0
3, 0
1, 0x3bf50
0, 0x39f30
0, 0x3bf60
2, 2
3, 0
3, 0
3, 0
3, 0
3, 0
3, 0
3, 0
3, 0
3, 0
3, 0
3, 0
3, 0
3, 0
3, 0
1, 0x3bf60
0, 0x39f40
0, 0x3bf70
2, 2
3, 0
3, 0
3, 0
3, 0
3, 0
3, 0
3, 0
3, 0
3, 0
3, 0
3, 0
3, 0
3, 0
3, 0
1, 0x3bf70
0, 0x39f50
0, 0x3bf80
2, 2
3, 0
3, 0
3, 0
3, 0
3, 0
3, 0
3, 0
3, 0
3, 0
3, 0
3, 0
3, 0
3, 0
3, 0
1, 0x3bf80
0, 0x39f60
0, 0x3bf90
2, 2
3, 0
3, 0
3, 0
3, 0
3, 0
3, 0
3, 0
3, 0
3, 0
3, 0
3, 0
3, 0
3, 0
3, 0
1, 0x3bf90
0, 0x39f70
0, 0x3bfa0
2, 2
3, 0
3, 0
3, 0
3, 0
3, 0
3, 0
3, 0
3, 0
3, 0
3, 0
3, 0
3, 0
3, 0
3, 0
1, 0x3bfa0
0, 0x39f80
0, 0x3bfb0
2, 2
3, 0
3, 0
3, 0
3, 0
3, 0
3, 0
3, 0
3, 0
3, 0
3, 0
3, 0
3, 0
3, 0
3, 0
1, 0x3bfb0
0, 0x39f90
0, 0x3bfc0
2, 2
3, 0
3, 0
3, 0
3, 0
3, 0
3, 0
3, 0
3, 0
3, 0
3, 0
3, 0
3, 0
3, 0
3, 0
1, 0x3bfc0
0, 0x39fa0
0, 0x3bfd0
2, 2
3, 0
3, 0
3, 0
3, 0
3, 0
3, 0
3, 0
3, 0
3, 0
3, 0
3, 0
3, 0
3, 0
3, 0
1, 0x3bfd0
0, 0x39fb0
0, 0x3bfe0
2, 2
3, 0
3, 0
3, 0
3, 0
3, 0
3, 0
3, 0
3, 0
3, 0
3, 0
3, 0
3, 0
3, 0
3, 0
1, 0x3bfe0
0, 0x39fc0
0, 0x3bff0
2, 2
3, 0
3, 0
3, 0
3, 0
3, 0
3, 0
3, 0
3, 0
3, 0
3, 0
3, 0
3, 0
3, 0
3, 0
1, 0x3bff0
0, 0x39fd0
0, 0x3c000
2, 2
3, 0
3, 0
3, 0
3, 0
3, 0
3, 0
3, 0
3, 0
3, 0
3, 0
3, 0
3, 0
3, 0
3, 0
1, 0x3c000
0, 0x39fe0
0, 0x3c010
2, 2
3, 0
3, 0
3, 0
3, 0
3, 0
3, 0
3, 0
3, 0
3, 0
3, 0
3, 0
3, 0
3, 0
3, 0
1, 0x3c010
0, 0x39ff0
0, 0x3c020
2, 2
3, 0
3, 0
3, 0
3, 0
3, 0
3, 0
3, 0
3, 0
3, 0
3, 0
3, 0
3, 0
3, 0
3, 0
1, 0x3c020
0, 0x3a000
0, 0x3c030
2, 2
3, 0
3, 0
3, 0
3, 0
3, 0
3, 0
3, 0
3, 0
3, 0
3, 0
3, 0
3, 0
3, 0
3, 0
1, 0x3c030
0, 0x3a010
0, 0x3c040
2, 2
3, 0
3, 0
3, 0
3, 0
3, 0
3, 0
3, 0
3, 0
3, 0
3, 0
3, 0
3, 0
3, 0
3, 0
1, 0x3c040
0, 0x3a020
0, 0x3c050
2, 2
3, 0
3, 0
3, 0
3, 0
3, 0
3, 0
3, 0
3, 0
3, 0
3, 0
3, 0
3, 0
3, 0
3, 0
1, 0x3c050
0, 0x3a030
0, 0x3c060
2, 2
3, 0
3, 0
3, 0
3, 0
3, 0
3, 0
3, 0
3, 0
3, 0
3, 0
3, 0
3, 0
3, 0
3, 0
1, 0x3c060
0, 0x3a040
0, 0x3c070
2, 2
3, 0
3, 0
3, 0
3, 0
3, 0
3, 0
3, 0
3, 0
3, 0
3, 0
3, 0
3, 0
3, 0
3, 0
1, 0x3c070
0, 0x3a050
0, 0x3c080
2, 2
3, 0
3, 0
3, 0
3, 0
3, 0
3, 0
3, 0
3, 0
3, 0
3, 0
3, 0
3, 0
3, 0
3, 0
1, 0x3c080
0, 0x3a060
0, 0x3c090
2, 2
3, 0
3, 0
3, 0
3, 0
3, 0
3, 0
3, 0
3, 0
3, 0
3, 0
3, 0
3, 0
3, 0
3, 0
1, 0x3c090
0, 0x3a070
0, 0x3c0a0
2, 2
3, 0
3, 0
3, 0
3, 0
3, 0
3, 0
3, 0
3, 0
3, 0
3, 0
3, 0
3, 0
3, 0
3, 0
1, 0x3c0a0
0, 0x3a080
0, 0x3c0b0
2, 2
3, 0
3, 0
3, 0
3, 0
3, 0
3, 0
3, 0
3, 0
3, 0
3, 0
3, 0
3, 0
3, 0
3, 0
1, 0x3c0b0
0, 0x3a090
0, 0x3c0c0
2, 2
3, 0
3, 0
3, 0
3, 0
3, 0
3, 0
3, 0
3, 0
3, 0
3, 0
3, 0
3, 0
3, 0
3, 0
1, 0x3c0c0
0, 0x3a0a0
0, 0x3c0d0
2, 2
3, 0
3, 0
3, 0
3, 0
3, 0
3, 0
3, 0
3, 0
3, 0
3, 0
3, 0
3, 0
3, 0
3, 0
1, 0x3c0d0
0, 0x3a0b0
0, 0x3c0e0
2, 2
3, 0
3, 0
3, 0
3, 0
3, 0
3, 0
3, 0
3, 0
3, 0
3, 0
3, 0
3, 0
3, 0
3, 0
1, 0x3c0e0
0, 0x3a0c0
0, 0x3c0f0
2, 2
3, 0
3, 0
3, 0
3, 0
3, 0
3, 0
3, 0
3, 0
3, 0
3, 0
3, 0
3, 0
3, 0
3, 0
1, 0x3c0f0
0, 0x3a0d0
0, 0x3c100
2, 2
3, 0
3, 0
3, 0
3, 0
3, 0
3, 0
3, 0
3, 0
3, 0
3, 0
3, 0
3, 0
3, 0
3, 0
1, 0x3c100
0, 0x3a0e0
0, 0x3c110
2, 2
3, 0
3, 0
3, 0
3, 0
3, 0
3, 0
3, 0
3, 0
3, 0
3, 0
3, 0
3, 0
3, 0
3, 0
1, 0x3c110
0, 0x3a0f0
0, 0x3c120
2, 2
3, 0
3, 0
3, 0
3, 0
3, 0
3, 0
3, 0
3, 0
3, 0
3, 0
3, 0
3, 0
3, 0
3, 0
1, 0x3c120
0, 0x3a100
0, 0x3c130
2, 2
3, 0
3, 0
3, 0
3, 0
3, 0
3, 0
3, 0
3, 0
3, 0
3, 0
3, 0
3, 0
3, 0
3, 0
1, 0x3c130
0, 0x3a110
0, 0x3c140
2, 2
3, 0
3, 0
3, 0
3, 0
3, 0
3, 0
3, 0
3, 0
3, 0
3, 0
3, 0
3, 0
3, 0
3, 0
1, 0x3c140
0, 0x3a120
0, 0x3c150
2, 2
3, 0
3, 0
3, 0
3, 0
3, 0
3, 0
3, 0
3, 0
3, 0
3, 0
3, 0
3, 0
3, 0
3, 0
1, 0x3c150
0, 0x3a130
0, 0x3c160
2, 2
3, 0
3, 0
3, 0
3, 0
3, 0
3, 0
3, 0
3, 0
3, 0
3, 0
3, 0
3, 0
3, 0
3, 0
1, 0x3c160
0, 0x3a140
0, 0x3c170
2, 2
3, 0
3, 0
3, 0
3, 0
3, 0
3, 0
3, 0
3, 0
3, 0
3, 0
3, 0
3, 0
3, 0
3, 0
1, 0x3c170
0, 0x3a150
0, 0x3c180
2, 2
3, 0
3, 0
3, 0
3, 0
3, 0
3, 0
3, 0
3, 0
3, 0
3, 0
3, 0
3, 0
3, 0
3, 0
1, 0x3c180
0, 0x3a160
0, 0x3c190
2, 2
3, 0
3, 0
3, 0
3, 0
3, 0
3, 0
3, 0
3, 0
3, 0
3, 0
3, 0
3, 0
3, 0
3, 0
1, 0x3c190
0, 0x3a170
0, 0x3c1a0
2, 2
3, 0
3, 0
3, 0
3, 0
3, 0
3, 0
3, 0
3, 0
3, 0
3, 0
3, 0
3, 0
3, 0
3, 0
1, 0x3c1a0
0, 0x3a180
0, 0x3c1b0
2, 2
3, 0
3, 0
3, 0
3, 0
3, 0
3, 0
3, 0
3, 0
3, 0
3, 0
3, 0
3, 0
3, 0
3, 0
1, 0x3c1b0
0, 0x3a190
0, 0x3c1c0
2, 2
3, 0
3, 0
3, 0
3, 0
3, 0
3, 0
3, 0
3, 0
3, 0
3, 0
3, 0
3, 0
3, 0
3, 0
1, 0x3c1c0
0, 0x3a1a0
0, 0x3c1d0
2, 2
3, 0
3, 0
3, 0
3, 0
3, 0
3, 0
3, 0
3, 0
3, 0
3, 0
3, 0
3, 0
3, 0
3, 0
1, 0x3c1d0
0, 0x3a1b0
0, 0x3c1e0
2, 2
3, 0
3, 0
3, 0
3, 0
3, 0
3, 0
3, 0
3, 0
3, 0
3, 0
3, 0
3, 0
3, 0
3, 0
1, 0x3c1e0
0, 0x3a1c0
0, 0x3c1f0
2, 2
3, 0
3, 0
3, 0
3, 0
3, 0
3, 0
3, 0
3, 0
3, 0
3, 0
3, 0
3, 0
3, 0
3, 0
1, 0x3c1f0
0, 0x3a1d0
0, 0x3c200
2, 2
3, 0
3, 0
3, 0
3, 0
3, 0
3, 0
3, 0
3, 0
3, 0
3, 0
3, 0
3, 0
3, 0
3, 0
1, 0x3c200
0, 0x3a1e0
0, 0x3c210
2, 2
3, 0
3, 0
3, 0
3, 0
3, 0
3, 0
3, 0
3, 0
3, 0
3, 0
3, 0
3, 0
3, 0
3, 0
1, 0x3c210
0, 0x3a1f0
0, 0x3c220
2, 2
3, 0
3, 0
3, 0
3, 0
3, 0
3, 0
3, 0
3, 0
3, 0
3, 0
3, 0
3, 0
3, 0
3, 0
1, 0x3c220
0, 0x3a200
0, 0x3c230
2, 2
3, 0
3, 0
3, 0
3, 0
3, 0
3, 0
3, 0
3, 0
3, 0
3, 0
3, 0
3, 0
3, 0
3, 0
1, 0x3c230
