25, 808
46, 800
82, 776
162, 784
194, 792
223, 768
242, 816
267, 2144
278, 2224
286, 2400
295, 2192
305, 1880
306, 2320
315, 2288
317, 2208
319, 2328
344, 2256
354, 2408
359, 2232
360, 2160
372, 2344
388, 2008
399, 2240
407, 2352
422, 2200
432, 2296
449, 2376
454, 2392
463, 2384
493, 1752
507, 2360
509, 1960
519, 3448
537, 3712
540, 3256
548, 3168
556, 3752
558, 3928
568, 3216
577, 3904
589, 3920
594, 3856
595, 3968
601, 3272
606, 3960
607, 3304
614, 3672
621, 3832
623, 3360
633, 3568
641, 3696
660, 2800
663, 3944
669, 3848
674, 3536
687, 3592
693, 3976
704, 3984
709, 3992
711, 3496
723, 3792
725, 3952
727, 2896
733, 3584
736, 3936
742, 3912
749, 3872
756, 4000
762, 3816
763, 3888
808, 7717, 5, 0
800, 7698, 4, 0
776, 2114, 1, 0
784, 7323, 2, 0
792, 7419, 3, 0
768, 2000, 0, 0
816, 8141, 6, 0
2144, Brand#32, 166, 848
848, Brand#32, 4, 0
2224, Brand#21, 176, 1240
1240, Brand#21, 53, 0
2400, Brand#31, 198, 1624
1624, Brand#31, 101, 0
2192, Brand#12, 172, 968
968, Brand#12, 19, 0
1880, Brand#42, 133, 832
832, Brand#42, 2, 0
2320, Brand#22, 188, 1072
1072, Brand#22, 32, 0
2288, Brand#44, 184, 872
872, Brand#44, 7, 0
2208, Brand#11, 174, 864
864, Brand#11, 6, 0
2328, Brand#53, 189, 1056
1056, Brand#53, 30, 0
2256, Brand#24, 180, 856
856, Brand#24, 5, 0
2408, Brand#54, 199, 888
888, Brand#54, 9, 0
2232, Brand#13, 177, 816
816, Brand#13, 0, 0
2160, Brand#55, 168, 912
912, Brand#55, 12, 0
2344, Brand#34, 191, 840
840, Brand#34, 3, 0
2008, Brand#35, 149, 992
992, Brand#35, 22, 0
2240, Brand#43, 178, 880
880, Brand#43, 8, 0
2352, Brand#45, 192, 1104
1104, Brand#45, 36, 0
2200, Brand#15, 173, 928
928, Brand#15, 14, 0
2296, Brand#23, 185, 960
960, Brand#23, 18, 0
2376, Brand#33, 195, 904
904, Brand#33, 11, 0
2392, Brand#41, 197, 1504
1504, Brand#41, 86, 0
2384, Brand#52, 196, 1000
1000, Brand#52, 23, 0
1752, Brand#25, 117, 896
896, Brand#25, 10, 0
2360, Brand#51, 193, 1528
1528, Brand#51, 89, 0
1960, Brand#14, 143, 1024
1024, Brand#14, 26, 0
3448, MED DRUM, 130, 2432
2432, MED DRUM, 3, 0
3712, JUMBO BAG, 163, 2600
2600, JUMBO BAG, 24, 0
3256, MED BOX, 106, 0
3168, SM CASE, 95, 2608
2608, SM CASE, 25, 0
3752, JUMBO CASE, 168, 2496
2496, JUMBO CASE, 11, 0
3928, WRAP BOX, 190, 2488
2488, WRAP BOX, 10, 0
3216, SM DRUM, 101, 0
3904, MED CAN, 187, 2464
2464, LG DRUM, 7, 0
3920, WRAP BAG, 189, 2760
2760, WRAP BAG, 44, 0
3856, JUMBO CAN, 181, 2688
2688, JUMBO CAN, 35, 0
3968, JUMBO JAR, 195, 2584
2584, JUMBO JAR, 22, 0
3272, LG PACK, 108, 2864
2864, LG PACK, 57, 0
3960, MED CASE, 194, 2592
2592, MED CASE, 23, 0
3304, LG CAN, 112, 2480
2480, LG CAN, 9, 0
3672, SM BAG, 158, 2456
2456, SM BAG, 6, 0
3832, LG JAR, 178, 3024
3024, LG JAR, 77, 0
3360, WRAP JAR, 119, 2728
2728, WRAP JAR, 40, 0
3568, WRAP PACK, 145, 3096
3096, WRAP PACK, 86, 0
3696, JUMBO PACK, 161, 2504
2504, JUMBO PACK, 12, 0
2800, WRAP PKG, 49, 0
3944, SM PKG, 192, 2440
2440, SM PKG, 4, 0
3848, WRAP CAN, 180, 3176
3176, WRAP CAN, 96, 0
3536, MED JAR, 141, 3112
3112, MED JAR, 88, 0
3592, MED PKG, 148, 2616
2616, MED PKG, 26, 0
3976, SM JAR, 196, 2704
2704, SM JAR, 37, 0
3984, SM PACK, 197, 2752
2752, SM PACK, 43, 0
3992, JUMBO DRUM, 198, 3504
3504, JUMBO DRUM, 137, 0
3496, MED PACK, 136, 2528
2528, MED PACK, 15, 0
3792, LG CASE, 173, 2416
2416, LG CASE, 1, 0
3952, SM CAN, 193, 3064
3064, SM CAN, 82, 0
2896, JUMBO BOX, 61, 2512
2512, JUMBO BOX, 13, 0
3584, SM BOX, 147, 2952
2952, SM BOX, 68, 0
3936, MED BAG, 191, 2448
2448, MED BAG, 5, 0
3912, WRAP DRUM, 188, 2424
2424, WRAP CASE, 2, 0
3872, LG BOX, 183, 2536
2536, LG BOX, 16, 0
4000, LG PKG, 199, 2664
2664, LG PKG, 32, 0
3816, LG BAG, 176, 2648
2648, LG BAG, 30, 0
3888, JUMBO PKG, 185, 2408
2408, JUMBO PKG, 0, 0
