25, 38702
46, 38694
82, 38670
162, 38678
194, 38686
223, 38662
242, 38710
257, 38710
258, 38718
259, 38726
260, 38734
261, 38742
262, 38750
263, 38758
264, 38766
265, 38774
266, 38782
267, 38790
268, 38798
269, 38806
270, 38814
271, 38822
272, 38830
273, 38838
274, 38846
275, 38854
276, 38862
277, 38870
278, 38878
279, 38886
280, 38894
281, 38902
282, 38910
283, 38918
284, 38926
285, 38934
286, 38942
287, 38950
288, 38958
289, 38966
290, 38974
291, 38982
292, 38990
293, 38998
294, 39006
295, 39014
296, 39022
297, 39030
298, 39038
299, 39046
300, 39054
301, 39062
302, 39070
303, 39078
304, 39086
305, 39094
306, 39102
307, 39110
308, 39118
309, 39126
310, 39134
311, 39142
312, 39150
313, 39158
314, 39166
315, 39174
316, 39182
317, 39190
318, 39198
319, 39206
320, 39214
321, 39222
322, 39230
323, 39238
324, 39246
325, 39254
326, 39262
327, 39270
328, 39278
329, 39286
330, 39294
331, 39302
332, 39310
333, 39318
334, 39326
335, 39334
336, 39342
337, 39350
338, 39358
339, 39366
340, 39374
341, 39382
342, 39390
343, 39398
344, 39406
345, 39414
346, 39422
347, 39430
348, 39438
349, 39446
350, 39454
351, 39462
352, 39470
353, 39478
354, 39486
355, 39494
356, 39502
357, 39510
358, 39518
359, 39526
360, 39534
361, 39542
362, 39550
363, 39558
364, 39566
365, 39574
366, 39582
367, 39590
368, 39598
369, 39606
370, 39614
371, 39622
372, 39630
373, 39638
374, 39646
375, 39654
376, 39662
377, 39670
378, 39678
379, 39686
380, 39694
381, 39702
382, 39710
383, 39718
384, 39734
385, 39726
386, 39750
387, 39742
388, 39766
389, 39758
390, 39782
391, 39774
392, 39798
393, 39790
394, 39814
395, 39806
396, 39830
397, 39822
398, 39846
399, 39838
400, 39862
401, 39854
402, 39878
403, 39870
404, 39894
405, 39886
406, 39910
407, 39902
408, 39926
409, 39918
410, 39942
411, 39934
412, 39958
413, 39950
414, 39974
415, 39966
416, 39990
417, 39982
418, 40006
419, 39998
420, 40022
421, 40014
422, 40038
423, 40030
424, 40054
425, 40046
426, 40070
427, 40062
428, 40086
429, 40078
430, 40102
431, 40094
432, 40118
433, 40110
434, 40134
435, 40126
436, 40150
437, 40142
438, 40166
439, 40158
440, 40182
441, 40174
442, 40198
443, 40190
444, 40214
445, 40206
446, 40230
447, 40222
448, 40246
449, 40238
450, 40262
451, 40254
452, 40278
453, 40270
454, 40294
455, 40286
457, 40302
513, 88238
514, 88086
515, 87502
516, 87190
517, 88182
518, 88110
519, 86846
520, 87534
521, 87326
522, 85478
523, 87310
524, 87622
525, 87942
526, 86782
527, 88070
528, 87270
529, 87790
530, 87126
531, 84838
532, 88062
533, 85134
534, 85078
535, 88302
536, 85110
537, 86550
538, 85126
539, 77558
540, 87662
541, 84990
542, 88278
543, 85222
544, 85334
545, 86414
546, 83174
547, 87198
548, 85886
549, 81054
550, 86926
551, 88150
552, 88198
553, 80366
554, 86686
555, 88214
556, 87358
557, 84790
558, 87334
559, 86494
560, 84390
561, 81894
562, 87854
563, 87374
564, 82742
565, 87782
566, 87822
567, 88046
568, 86126
569, 87718
570, 87606
571, 88078
572, 86446
573, 86878
574, 88022
575, 86294
576, 87014
577, 84854
578, 87710
579, 86438
580, 87654
581, 86726
582, 88222
583, 87918
584, 85614
585, 86974
586, 87158
587, 87510
588, 83702
589, 87446
590, 87590
591, 88262
592, 84942
593, 87974
594, 87166
595, 86678
596, 87566
597, 87462
598, 88254
599, 87798
600, 88102
601, 87814
602, 88286
603, 83438
604, 88318
605, 87342
606, 87982
607, 86942
608, 85726
609, 88326
610, 86078
611, 87638
612, 87998
613, 86614
614, 88230
615, 87030
616, 84486
617, 86374
618, 85486
619, 87094
620, 87750
621, 85910
622, 85238
623, 86382
624, 88030
625, 87454
626, 86046
627, 87886
628, 85326
629, 87614
630, 87238
631, 88206
632, 86006
633, 87262
634, 87558
635, 86598
636, 86894
637, 87806
638, 86254
639, 87862
640, 87934
641, 84710
642, 86566
643, 82670
644, 86542
645, 88158
646, 88166
647, 87518
648, 86854
649, 88294
650, 86654
651, 85814
652, 84782
653, 88014
654, 87670
655, 85998
656, 87990
657, 87006
658, 88174
659, 87646
660, 88126
661, 87486
662, 86350
663, 87494
664, 88142
665, 86662
666, 88038
667, 87302
668, 87694
669, 85942
670, 88118
671, 87926
672, 87414
673, 87830
674, 86142
675, 87950
676, 84702
677, 87286
678, 87894
679, 86486
680, 87958
681, 86238
682, 84198
683, 86806
684, 85798
685, 88334
686, 88054
687, 87758
688, 87734
689, 88310
690, 87726
691, 86758
692, 84862
693, 83662
694, 86774
695, 86966
696, 85558
697, 84950
698, 87598
699, 87470
700, 84902
701, 86694
702, 87910
703, 88246
704, 88006
705, 87246
706, 87222
707, 83726
708, 84766
709, 88270
710, 83518
711, 86510
713, 87902
9804, 136342
10603, 136366
10944, 136358
10949, 136334
14247, 137662
14258, 137742
14266, 137918
14275, 137710
14499, 138934
14517, 139198
14520, 138742
14528, 138654
14536, 139238
14538, 139414
14548, 138702
14557, 139390
15168, 141110
38702, 7717, 5, 0
38694, 7698, 4, 0
38670, 2114, 1, 0
38678, 7323, 2, 0
38686, 7419, 3, 0
38662, 2000, 0, 0
38710, 8141, 6, 0
38710, 1, 0, 0
38718, 2, 1, 0
38726, 3, 2, 0
38734, 4, 3, 0
38742, 5, 4, 0
38750, 6, 5, 0
38758, 7, 6, 0
38766, 8, 7, 0
38774, 9, 8, 0
38782, 10, 9, 0
38790, 11, 10, 0
38798, 12, 11, 0
38806, 13, 12, 0
38814, 14, 13, 0
38822, 15, 14, 0
38830, 16, 15, 0
38838, 17, 16, 0
38846, 18, 17, 0
38854, 19, 18, 0
38862, 20, 19, 0
38870, 21, 20, 0
38878, 22, 21, 0
38886, 23, 22, 0
38894, 24, 23, 0
38902, 25, 24, 0
38910, 26, 25, 0
38918, 27, 26, 0
38926, 28, 27, 0
38934, 29, 28, 0
38942, 30, 29, 0
38950, 31, 30, 0
38958, 32, 31, 0
38966, 33, 32, 0
38974, 34, 33, 0
38982, 35, 34, 0
38990, 36, 35, 0
38998, 37, 36, 0
39006, 38, 37, 0
39014, 39, 38, 0
39022, 40, 39, 0
39030, 41, 40, 0
39038, 42, 41, 0
39046, 43, 42, 0
39054, 44, 43, 0
39062, 45, 44, 0
39070, 46, 45, 0
39078, 47, 46, 0
39086, 48, 47, 0
39094, 49, 48, 0
39102, 50, 49, 0
39110, 51, 50, 0
39118, 52, 51, 0
39126, 53, 52, 0
39134, 54, 53, 0
39142, 55, 54, 0
39150, 56, 55, 0
39158, 57, 56, 0
39166, 58, 57, 0
39174, 59, 58, 0
39182, 60, 59, 0
39190, 61, 60, 0
39198, 62, 61, 0
39206, 63, 62, 0
39214, 64, 63, 0
39222, 65, 64, 0
39230, 66, 65, 0
39238, 67, 66, 0
39246, 68, 67, 0
39254, 69, 68, 0
39262, 70, 69, 0
39270, 71, 70, 0
39278, 72, 71, 0
39286, 73, 72, 0
39294, 74, 73, 0
39302, 75, 74, 0
39310, 76, 75, 0
39318, 77, 76, 0
39326, 78, 77, 0
39334, 79, 78, 0
39342, 80, 79, 0
39350, 81, 80, 0
39358, 82, 81, 0
39366, 83, 82, 0
39374, 84, 83, 0
39382, 85, 84, 0
39390, 86, 85, 0
39398, 87, 86, 0
39406, 88, 87, 0
39414, 89, 88, 0
39422, 90, 89, 0
39430, 91, 90, 0
39438, 92, 91, 0
39446, 93, 92, 0
39454, 94, 93, 0
39462, 95, 94, 0
39470, 96, 95, 0
39478, 97, 96, 0
39486, 98, 97, 0
39494, 99, 98, 0
39502, 100, 99, 0
39510, 101, 100, 0
39518, 102, 101, 0
39526, 103, 102, 0
39534, 104, 103, 0
39542, 105, 104, 0
39550, 106, 105, 0
39558, 107, 106, 0
39566, 108, 107, 0
39574, 109, 108, 0
39582, 110, 109, 0
39590, 111, 110, 0
39598, 112, 111, 0
39606, 113, 112, 0
39614, 114, 113, 0
39622, 115, 114, 0
39630, 116, 115, 0
39638, 117, 116, 0
39646, 118, 117, 0
39654, 119, 118, 0
39662, 120, 119, 0
39670, 121, 120, 0
39678, 122, 121, 0
39686, 123, 122, 0
39694, 124, 123, 0
39702, 125, 124, 0
39710, 126, 125, 0
39718, 127, 126, 0
39734, 129, 128, 0
39726, 128, 127, 0
39750, 131, 130, 0
39742, 130, 129, 0
39766, 133, 132, 0
39758, 132, 131, 0
39782, 135, 134, 0
39774, 134, 133, 0
39798, 137, 136, 0
39790, 136, 135, 0
39814, 139, 138, 0
39806, 138, 137, 0
39830, 141, 140, 0
39822, 140, 139, 0
39846, 143, 142, 0
39838, 142, 141, 0
39862, 145, 144, 0
39854, 144, 143, 0
39878, 147, 146, 0
39870, 146, 145, 0
39894, 149, 148, 0
39886, 148, 147, 0
39910, 151, 150, 0
39902, 150, 149, 0
39926, 153, 152, 0
39918, 152, 151, 0
39942, 155, 154, 0
39934, 154, 153, 0
39958, 157, 156, 0
39950, 156, 155, 0
39974, 159, 158, 0
39966, 158, 157, 0
39990, 161, 160, 0
39982, 160, 159, 0
40006, 163, 162, 0
39998, 162, 161, 0
40022, 165, 164, 0
40014, 164, 163, 0
40038, 167, 166, 0
40030, 166, 165, 0
40054, 169, 168, 0
40046, 168, 167, 0
40070, 171, 170, 0
40062, 170, 169, 0
40086, 173, 172, 0
40078, 172, 171, 0
40102, 175, 174, 0
40094, 174, 173, 0
40118, 177, 176, 0
40110, 176, 175, 0
40134, 179, 178, 0
40126, 178, 177, 0
40150, 181, 180, 0
40142, 180, 179, 0
40166, 183, 182, 0
40158, 182, 181, 0
40182, 185, 184, 0
40174, 184, 183, 0
40198, 187, 186, 0
40190, 186, 185, 0
40214, 189, 188, 0
40206, 188, 187, 0
40230, 191, 190, 0
40222, 190, 189, 0
40246, 193, 192, 0
40238, 192, 191, 0
40262, 195, 194, 0
40254, 194, 193, 0
40278, 197, 196, 0
40270, 196, 195, 0
40294, 199, 198, 0
40286, 198, 197, 0
40302, 200, 199, 0
88238, 1, 5992, 40606
40606, 1, 38, 0
88086, 2, 5973, 40766
40766, 2, 58, 0
87502, 3, 5900, 40326
40326, 3, 3, 0
87190, 4, 5861, 41694
41694, 4, 174, 0
88182, 5, 5985, 40358
40358, 5, 7, 0
88110, 6, 5976, 42526
42526, 6, 278, 0
86846, 7, 5818, 44878
44878, 7, 572, 0
87534, 8, 5904, 40838
40838, 8, 67, 0
87326, 9, 5878, 42790
42790, 9, 311, 0
85478, 10, 5647, 41958
41958, 10, 207, 0
87310, 11, 5876, 41246
41246, 11, 118, 0
87622, 12, 5915, 40542
40542, 12, 30, 0
87942, 13, 5955, 40678
40678, 13, 47, 0
86782, 14, 5810, 43982
43982, 14, 460, 0
88070, 15, 5971, 41558
41558, 15, 157, 0
87270, 16, 5871, 40342
40342, 16, 5, 0
87790, 17, 5936, 42694
42694, 17, 299, 0
87126, 18, 5853, 41670
41670, 18, 171, 0
84838, 19, 5567, 40934
40934, 19, 79, 0
88062, 20, 5970, 40366
40366, 20, 8, 0
85134, 21, 5604, 40718
40718, 21, 52, 0
85078, 22, 5597, 40790
40790, 22, 61, 0
88302, 23, 6000, 40662
40662, 23, 45, 0
85110, 24, 5601, 42478
42478, 24, 272, 0
86550, 25, 5781, 40334
40334, 25, 4, 0
85126, 26, 5603, 43998
43998, 26, 462, 0
77558, 27, 4657, 43822
43822, 27, 440, 0
87662, 28, 5920, 44030
44030, 28, 466, 0
84990, 29, 5586, 41254
41254, 29, 119, 0
88278, 30, 5997, 40382
40382, 30, 10, 0
85222, 31, 5615, 40646
40646, 31, 43, 0
85334, 32, 5629, 41310
41310, 32, 126, 0
86414, 33, 5764, 43486
43486, 33, 398, 0
83174, 34, 5359, 40574
40574, 34, 34, 0
87198, 35, 5862, 40854
40854, 35, 69, 0
85886, 36, 5698, 41494
41494, 36, 149, 0
81054, 37, 5094, 41614
41614, 37, 164, 0
86926, 38, 5828, 40430
40430, 38, 16, 0
88150, 39, 5981, 41166
41166, 39, 108, 0
88198, 40, 5987, 41294
41294, 40, 124, 0
80366, 41, 5008, 40822
40822, 41, 65, 0
86686, 42, 5798, 41998
41998, 42, 212, 0
88214, 43, 5989, 43046
43046, 43, 343, 0
87358, 44, 5882, 42894
42894, 44, 324, 0
84790, 45, 5561, 40518
40518, 45, 27, 0
87334, 46, 5879, 40966
40966, 46, 83, 0
86494, 47, 5774, 41158
41158, 47, 107, 0
84390, 48, 5511, 43718
43718, 48, 427, 0
81894, 49, 5199, 44038
44038, 49, 467, 0
87854, 50, 5944, 41062
41062, 50, 95, 0
87374, 51, 5884, 42110
42110, 51, 226, 0
82742, 52, 5305, 47534
47534, 52, 904, 0
87782, 53, 5935, 44054
44054, 53, 469, 0
87822, 54, 5940, 41174
41174, 54, 109, 0
88046, 55, 5968, 40726
40726, 55, 53, 0
86126, 56, 5728, 40982
40982, 56, 85, 0
87718, 57, 5927, 41894
41894, 57, 199, 0
87606, 58, 5913, 47750
47750, 58, 931, 0
88078, 59, 5972, 41718
41718, 59, 177, 0
86446, 60, 5768, 40750
40750, 60, 56, 0
86878, 61, 5822, 40558
40558, 61, 32, 0
88022, 62, 5965, 40550
40550, 62, 31, 0
86294, 63, 5749, 40398
40398, 63, 12, 0
87014, 64, 5839, 40318
40318, 64, 2, 0
84854, 65, 5569, 40942
40942, 65, 80, 0
87710, 66, 5926, 40998
40998, 66, 87, 0
86438, 67, 5767, 45150
45150, 67, 606, 0
87654, 68, 5919, 40310
40310, 68, 1, 0
86726, 69, 5803, 43430
43430, 69, 391, 0
88222, 70, 5990, 41366
41366, 70, 133, 0
87918, 71, 5952, 43678
43678, 71, 422, 0
85614, 72, 5664, 44270
44270, 72, 496, 0
86974, 73, 5834, 43734
43734, 73, 429, 0
87158, 74, 5857, 40758
40758, 74, 57, 0
87510, 75, 5901, 43726
43726, 75, 428, 0
83702, 76, 5425, 44246
44246, 76, 493, 0
87446, 77, 5893, 43950
43950, 77, 456, 0
87590, 78, 5911, 41070
41070, 78, 96, 0
88262, 79, 5995, 42270
42270, 79, 246, 0
84942, 80, 5580, 40486
40486, 80, 23, 0
87974, 81, 5959, 45118
45118, 81, 602, 0
87166, 82, 5858, 44086
44086, 82, 473, 0
86678, 83, 5797, 40502
40502, 83, 25, 0
87566, 84, 5908, 42254
42254, 84, 244, 0
87462, 85, 5895, 41918
41918, 85, 202, 0
88254, 86, 5994, 40534
40534, 86, 29, 0
87798, 87, 5937, 41566
41566, 87, 158, 0
88102, 88, 5975, 40814
40814, 88, 64, 0
87814, 89, 5939, 40406
40406, 89, 13, 0
88286, 90, 5998, 40590
40590, 90, 36, 0
83438, 91, 5392, 45182
45182, 91, 610, 0
88318, 92, 6002, 41646
41646, 92, 168, 0
87342, 93, 5880, 40926
40926, 93, 78, 0
87982, 94, 5960, 41854
41854, 94, 194, 0
86942, 95, 5830, 40462
40462, 95, 20, 0
85726, 96, 5678, 42534
42534, 96, 279, 0
88326, 97, 6003, 41014
41014, 97, 89, 0
86078, 98, 5722, 41790
41790, 98, 186, 0
87638, 99, 5917, 41966
41966, 99, 208, 0
87998, 100, 5962, 41758
41758, 100, 182, 0
86614, 101, 5789, 43702
43702, 101, 425, 0
88230, 102, 5991, 41774
41774, 102, 184, 0
87030, 103, 5841, 40878
40878, 103, 72, 0
84486, 104, 5523, 41022
41022, 104, 90, 0
86374, 105, 5759, 40902
40902, 105, 75, 0
85486, 106, 5648, 42006
42006, 106, 213, 0
87094, 107, 5849, 40350
40350, 107, 6, 0
87750, 108, 5931, 43206
43206, 108, 363, 0
85910, 109, 5701, 40414
40414, 109, 14, 0
85238, 110, 5617, 41086
41086, 110, 98, 0
86382, 111, 5760, 41806
41806, 111, 188, 0
88030, 112, 5966, 42686
42686, 112, 298, 0
87454, 113, 5894, 45558
45558, 113, 657, 0
86046, 114, 5718, 43182
43182, 114, 360, 0
87886, 115, 5948, 41414
41414, 115, 139, 0
85326, 116, 5628, 40774
40774, 116, 59, 0
87614, 117, 5914, 42646
42646, 117, 293, 0
87238, 118, 5867, 41446
41446, 118, 143, 0
88206, 119, 5988, 41182
41182, 119, 110, 0
86006, 120, 5713, 40638
40638, 120, 42, 0
87262, 121, 5870, 40622
40622, 121, 40, 0
87558, 122, 5907, 43574
43574, 122, 409, 0
86598, 123, 5787, 42750
42750, 123, 306, 0
86894, 124, 5824, 40422
40422, 124, 15, 0
87806, 125, 5938, 43230
43230, 125, 366, 0
86254, 126, 5744, 41662
41662, 126, 170, 0
87862, 127, 5945, 40670
40670, 127, 46, 0
87934, 129, 5954, 40374
40374, 129, 9, 0
84710, 128, 5551, 43494
43494, 128, 399, 0
86566, 131, 5783, 42126
42126, 131, 228, 0
82670, 130, 5296, 42398
42398, 130, 262, 0
86542, 133, 5780, 42054
42054, 133, 219, 0
88158, 132, 5982, 42158
42158, 132, 232, 0
88166, 135, 5983, 41126
41126, 135, 103, 0
87518, 134, 5902, 41502
41502, 134, 150, 0
86854, 137, 5819, 41542
41542, 137, 155, 0
88294, 136, 5999, 41046
41046, 136, 93, 0
86654, 139, 5794, 41198
41198, 139, 112, 0
85814, 138, 5689, 40566
40566, 138, 33, 0
84782, 141, 5560, 41398
41398, 141, 137, 0
88014, 140, 5964, 40438
40438, 140, 17, 0
87670, 143, 5921, 42630
42630, 143, 291, 0
85998, 142, 5712, 41830
41830, 142, 191, 0
87990, 145, 5961, 41486
41486, 145, 148, 0
87006, 144, 5838, 43054
43054, 144, 344, 0
88174, 147, 5984, 42142
42142, 147, 230, 0
87646, 146, 5918, 40454
40454, 146, 19, 0
88126, 149, 5978, 41902
41902, 149, 200, 0
87486, 148, 5898, 41678
41678, 148, 172, 0
86350, 151, 5756, 42070
42070, 151, 221, 0
87494, 150, 5899, 44222
44222, 150, 490, 0
88142, 153, 5980, 42886
42886, 153, 323, 0
86662, 152, 5795, 40478
40478, 152, 22, 0
88038, 155, 5967, 45854
45854, 155, 694, 0
87302, 154, 5875, 41846
41846, 154, 193, 0
87694, 157, 5924, 43038
43038, 157, 342, 0
85942, 156, 5705, 40302
40302, 156, 0, 0
88118, 159, 5977, 42350
42350, 159, 256, 0
87926, 158, 5953, 40494
40494, 158, 24, 0
87414, 161, 5889, 46358
46358, 161, 757, 0
87830, 160, 5941, 45446
45446, 160, 643, 0
86142, 163, 5730, 45366
45366, 163, 633, 0
87950, 162, 5956, 40614
40614, 162, 39, 0
84702, 165, 5550, 41470
41470, 165, 146, 0
87286, 164, 5873, 40470
40470, 164, 21, 0
87894, 167, 5949, 41750
41750, 167, 181, 0
86486, 166, 5773, 42230
42230, 166, 241, 0
87958, 169, 5957, 41326
41326, 169, 128, 0
86238, 168, 5742, 41102
41102, 168, 100, 0
84198, 171, 5487, 43774
43774, 171, 434, 0
86806, 170, 5813, 40598
40598, 170, 37, 0
85798, 173, 5687, 43814
43814, 173, 439, 0
88334, 172, 6004, 41782
41782, 172, 185, 0
88054, 175, 5969, 42238
42238, 175, 242, 0
87758, 174, 5932, 40782
40782, 174, 60, 0
87734, 177, 5929, 41438
41438, 177, 142, 0
88310, 176, 6001, 40686
40686, 176, 48, 0
87726, 179, 5928, 40830
40830, 179, 66, 0
86758, 178, 5807, 41974
41974, 178, 209, 0
84862, 181, 5570, 46334
46334, 181, 754, 0
83662, 180, 5420, 40958
40958, 180, 82, 0
86774, 183, 5809, 40446
40446, 183, 18, 0
86966, 182, 5833, 43382
43382, 182, 385, 0
85558, 185, 5657, 44918
44918, 185, 577, 0
84950, 184, 5581, 40390
40390, 184, 11, 0
87598, 187, 5912, 40702
40702, 187, 50, 0
87470, 186, 5896, 41286
41286, 186, 123, 0
84902, 189, 5575, 41478
41478, 189, 147, 0
86694, 188, 5799, 44846
44846, 188, 568, 0
87910, 191, 5951, 41638
41638, 191, 167, 0
88246, 190, 5993, 41390
41390, 190, 136, 0
88006, 193, 5963, 41622
41622, 193, 165, 0
87246, 192, 5868, 42590
42590, 192, 286, 0
87222, 195, 5865, 41238
41238, 195, 117, 0
83726, 194, 5428, 43134
43134, 194, 354, 0
84766, 197, 5558, 40950
40950, 197, 81, 0
88270, 196, 5996, 41030
41030, 196, 91, 0
83518, 199, 5402, 41518
41518, 199, 152, 0
86510, 198, 5776, 40510
40510, 198, 26, 0
87902, 200, 5950, 42966
42966, 200, 333, 0
136342, TAKE BACK RETURN, 6001, 88342
88342, TAKE BACK RETURN, 1, 0
136366, COLLECT COD, 6004, 88494
88494, COLLECT COD, 20, 0
136358, NONE, 6003, 88358
88358, NONE, 3, 0
136334, DELIVER IN PERSON, 6000, 88334
88334, DELIVER IN PERSON, 0, 0
137662, Brand#32, 166, 136366
136366, Brand#32, 4, 0
137742, Brand#21, 176, 136758
136758, Brand#21, 53, 0
137918, Brand#31, 198, 137142
137142, Brand#31, 101, 0
137710, Brand#12, 172, 137190
137190, Brand#12, 107, 0
138934, MED DRUM, 130, 137918
137918, MED DRUM, 3, 0
139198, JUMBO BAG, 163, 138086
138086, JUMBO BAG, 24, 0
138742, MED BOX, 106, 0
138654, SM CASE, 95, 138094
138094, SM CASE, 25, 0
139238, JUMBO CASE, 168, 137982
137982, JUMBO CASE, 11, 0
139414, WRAP BOX, 190, 137974
137974, WRAP BOX, 10, 0
138702, SM DRUM, 101, 0
139390, MED CAN, 187, 139094
139094, MED CAN, 150, 0
141110, RAIL, 6001, 139414
139414, RAIL, 5789, 0
