229056, 448360176, 2413491312, 5777229056, 447360176, 2413491312, 5777229056, 447360176, 2413491312, 5777229056, 447360176, 2413491312, 5777229056, 447360176, 2413491312, 5777229056, 447360176, 2413491312, 5777229056, 107360176, 2753491312, 5777360176, 2861491312, 5777360176, 2861491312, 5777360176, 2925491312, 5777360176, 2861491312, 5777360176, 2861491312, 5777360176, 2861491312, 5777360176, 2861491312, 5777360176, 2861491312, 5777360176, 2861491312, 5777360176, 2861491312, 5777360176, 2861491312, 5777360176, 2861491312, 5777360176, 2925229056, 448
360176, 2413
491312, 5777
229056, 447
360176, 2413
491312, 5777
229056, 447
360176, 2413
491312, 5777
229056, 447
360176, 2413
491312, 5777
229056, 447
360176, 2413
491312, 5777
229056, 447
360176, 2413
491312, 5777
229056, 107
360176, 2753
491312, 5777
360176, 2861
491312, 5777
360176, 2861
491312, 5777
360176, 2925
491312, 5777
360176, 2861
491312, 5777
360176, 2861
491312, 5777
360176, 2861
491312, 5777
360176, 2861
491312, 5777
360176, 2861
491312, 5777
360176, 2861
491312, 5777
360176, 2861
491312, 5777
360176, 2861
491312, 5777
360176, 2861
491312, 5777
360176, 2925
